[137, 686]
[1524]
[116, 719, 1483]
[3, 1616]
[]
[750, 1024, 1878]
[51, 40, 1441]
[44, 968]
[44, 1666]
[]
[1626]
[1012, 1715]
[3, 245, 400]
[]
[]
[1418]
[165, 716, 1383]
[1269]
[818, 1596]
[1939]
[113, 1944]
[165, 412, 1383]
[26, 89, 635, 1814]
[224, 332]
[182, 1992]
[]
[226, 759]
[883]
[144, 1646]
[137]
[23]
[374]
[85, 271, 182]
[469, 1474]
[165]
[18, 13, 416, 1900]
[]
[149, 1718]
[]
[1604]
[1691]
[50, 209, 865]
[39]
[1017]
[333, 366]
[9, 189, 1514]
[619, 890]
[9, 34, 1601]
[11, 25, 511]
[196]
[24, 641]
[1474]
[]
[117, 268, 689]
[]
[21, 91, 685]
[31, 80, 487]
[]
[]
[22, 222, 719]
[623]
[786]
[75]
[]
[1570]
[1170]
[48, 1964, 71]
[871]
[679, 1253]
[15, 53, 509]
[861]
[1195]
[1818]
[1057, 1727, 1567]
[380, 1319, 1025]
[509]
[425, 265, 420, 1964]
[269, 913]
[]
[65, 323]
[]
[14, 583]
[]
[290, 1948]
[27, 276]
[17]
[28, 1830]
[37, 279, 633, 912]
[829]
[36, 1956]
[]
[505]
[1948]
[491, 1547]
[]
[760]
[266, 1297]
[]
[217, 1770]
[1074, 951, 1555]
[65, 1289]
[1389]
[1391]
[11, 1296]
[579]
[298]
[9, 24]
[152]
[701, 1384]
[]
[92, 566, 1540]
[36, 164, 484, 300]
[50, 426]
[36, 151, 773]
[47, 557]
[1270]
[24]
[45, 520]
[223]
[301, 1191]
[]
[252, 30]
[25, 559]
[736, 1172]
[195, 284]
[14, 544, 1530]
[1557]
[304, 751, 310]
[296]
[15, 249, 1430]
[665]
[5, 11, 16, 118]
[]
[490, 1518]
[1070, 1704]
[879, 1426, 1637]
[]
[101, 58]
[27]
[211, 1861]
[165, 695, 1661]
[787]
[]
[2, 22, 1920]
[1688, 1860]
[48, 1414]
[1548, 883]
[]
[]
[]
[22, 211, 339]
[354, 237]
[1592]
[421, 1058]
[]
[243, 1245, 1135]
[]
[566]
[1236, 1340, 1588]
[]
[103]
[136, 362]
[130, 1551]
[177, 1959]
[]
[14, 1357]
[54, 468, 491, 1843]
[]
[]
[]
[]
[]
[651]
[1629]
[1301]
[20, 1883]
[9, 401, 1062, 1188]
[71, 566, 891]
[693, 1059, 1282]
[58, 247]
[743]
[717]
[]
[159]
[88, 180, 1339]
[467, 760, 744]
[]
[54, 130, 1570]
[1282]
[1804]
[339, 888]
[806]
[84, 92, 85]
[99, 575]
[204, 321]
[5, 977, 1785]
[5, 71, 188, 245]
[415, 539, 849]
[33]
[]
[430, 1087]
[290, 520, 527]
[449]
[165, 189, 420]
[]
[131, 1269]
[1035]
[]
[962]
[9, 773]
[614, 1733]
[]
[34, 790, 1919]
[325]
[23, 1971, 1824]
[121]
[]
[19, 1668]
[9, 664]
[]
[1935]
[907]
[]
[815]
[1038]
[194]
[1652]
[39, 45, 1081]
[13, 67, 1360, 1762]
[1051]
[16, 105, 1144]
[275, 1583]
[886, 1319, 1389]
[]
[1889]
[66, 1396]
[696]
[172, 667]
[28, 1220]
[1214]
[5, 26, 952]
[1565]
[1464]
[77, 1589]
[675]
[45, 1222]
[728]
[1984]
[98, 334]
[430, 114]
[251, 28, 1135]
[]
[1436]
[50, 1309]
[27, 42, 663]
[383, 1315]
[823]
[503]
[1277]
[36, 1360]
[74, 674, 805]
[1185]
[634, 1122, 485]
[]
[]
[1640]
[185, 457]
[1807]
[1137]
[133, 986]
[77]
[257]
[11, 210, 591, 960]
[966, 839]
[392, 229]
[866]
[55, 201]
[996]
[166, 640, 714]
[17, 43, 384, 1954]
[316, 198, 744]
[207, 912, 1365]
[29, 1188]
[1441]
[1155]
[92, 1914, 722]
[1933, 1944]
[85, 942, 301, 804]
[30]
[1047]
[181, 590]
[22]
[559]
[123, 151]
[136, 218, 1670]
[1111]
[]
[1535]
[1770]
[498]
[24, 55, 1284]
[272, 384, 1089]
[211, 990]
[317, 1394, 1576]
[243, 513]
[29, 261]
[1541]
[1019]
[]
[71, 932]
[43, 866]
[]
[528, 819]
[1859]
[363, 609, 1490]
[]
[23, 24, 127, 244]
[388]
[112, 255, 943]
[1062, 1775]
[1972]
[112, 169, 853]
[1927]
[1436]
[22, 953]
[399]
[22, 687]
[149, 326]
[395]
[149, 1624]
[10, 152, 1106]
[4]
[3, 11, 218, 1263]
[11, 227, 601, 1055]
[12, 254, 1080]
[29, 604]
[394, 1]
[149]
[1805]
[1538]
[12, 736, 898, 591]
[289, 452, 1531]
[322, 1480]
[]
[1871]
[]
[]
[1142]
[1304]
[1018]
[]
[1639, 1737]
[145, 241, 366]
[27, 1202]
[946, 710, 1834]
[]
[1999]
[]
[69]
[]
[95, 259, 767, 1538]
[892, 1726]
[1221]
[68, 185, 902, 1164]
[178, 267]
[300]
[1208, 1090]
[176, 379, 878]
[1690]
[521]
[904]
[851, 1184]
[5, 732]
[1698]
[736, 798]
[390]
[630, 798]
[129]
[41, 212, 856, 1590]
[464]
[1804, 1018]
[408]
[268, 144, 1907]
[153, 330]
[2, 546]
[118, 231, 998, 1514]
[118, 1333]
[527, 694, 994, 496]
[12, 757]
[1646, 1989]
[385, 390]
[488]
[177, 611]
[29, 1445]
[82]
[1101, 859]
[1592]
[]
[1977]
[6, 736, 508, 1693]
[]
[6, 736, 1833]
[99, 362, 1405]
[14, 74, 1342]
[1809]
[12, 43, 349, 1118]
[1010]
[11]
[4, 450]
[1386]
[16, 223]
[215, 200, 902]
[99, 211, 1554]
[305]
[16, 173, 1880]
[23, 124, 207]
[20, 13, 508, 1910]
[10]
[444, 1892, 1916]
[]
[291, 422, 935]
[143, 899, 1097]
[768, 637]
[231, 458, 1583]
[34, 483, 852]
[109, 365]
[1749]
[1978]
[9, 379]
[53, 1165]
[1970]
[288, 706]
[]
[167, 223]
[215, 275]
[405, 521, 550]
[66, 608, 1629]
[35, 676]
[23]
[78]
[]
[599]
[1608]
[1728]
[884, 1668]
[505, 612, 356]
[37, 1376]
[45, 1091]
[848]
[1183]
[514]
[24, 283, 569]
[1254]
[]
[87, 1214]
[]
[98, 467]
[13, 200, 1429]
[81, 66]
[]
[250, 349, 1702]
[810]
[150, 229]
[5, 108, 487]
[409, 1800]
[49, 828]
[43, 85, 1092]
[605]
[524, 639]
[]
[16, 227, 837]
[966]
[67, 810]
[1963]
[1452]
[279, 413]
[720, 1392]
[29, 656]
[5, 24, 25, 1328]
[1970]
[1749, 1278, 1045]
[35, 552]
[605, 1857]
[42, 1075, 1796]
[316]
[572]
[373]
[541]
[50, 574, 1393]
[275, 549]
[]
[25, 157, 1109, 1851]
[1556]
[490]
[110, 157]
[404]
[]
[1832]
[1604]
[13, 979]
[288, 48]
[739]
[]
[11, 1741]
[68, 137, 391, 557]
[133, 709, 986, 1881]
[43, 108, 1786]
[44, 917]
[18, 25, 800]
[]
[]
[481]
[425, 1911]
[263, 348]
[82, 416, 985]
[477, 60, 380]
[30, 37, 1340]
[1568]
[33, 42, 339, 886]
[]
[16, 53, 673]
[391]
[50, 426]
[139, 506]
[994]
[184]
[426, 577, 875]
[16, 307]
[]
[24]
[40, 89, 1658]
[13, 739, 965]
[102]
[971, 1991]
[79, 1737]
[]
[]
[409, 1883]
[11, 113, 999]
[]
[31, 1541]
[588, 866]
[325, 522, 1546]
[35, 1790]
[242, 926]
[]
[657]
[34, 396, 352]
[620, 551]
[36, 975]
[339, 383]
[449]
[108, 157, 1609, 1127]
[159, 1450, 1896]
[1270]
[1, 12, 55]
[111, 281, 1971]
[]
[118]
[1122, 433, 1335]
[1053, 3]
[1044]
[90, 456, 797]
[689]
[46, 1517]
[40, 152, 1707]
[96]
[16, 591]
[40, 270]
[]
[491, 468, 1275, 1869]
[1826]
[374, 1124]
[887, 934, 889]
[22, 737]
[4, 1205]
[1802]
[673, 935]
[188]
[804, 1022]
[67, 1755]
[1992]
[10, 56]
[]
[17, 80, 989]
[18, 33, 1410]
[1139]
[1529]
[757, 1577]
[]
[30, 50]
[1068]
[185]
[446, 1188, 1822]
[753]
[1913]
[]
[1884]
[670, 1872, 1806]
[147, 254, 339]
[]
[69, 1878]
[693, 1158]
[254, 429, 1091, 362]
[1880]
[534]
[136, 147]
[1980]
[743]
[1366]
[1555]
[867]
[420]
[11]
[110, 164, 784]
[194, 367]
[1, 12, 42, 152]
[]
[305, 368, 1752]
[1738]
[464]
[834, 1165]
[52, 1880]
[384, 470, 1032]
[355]
[9, 55, 251, 438]
[909]
[115, 473, 1524]
[968]
[5, 1071, 1769]
[343, 1257]
[]
[1979]
[]
[]
[75, 1031, 1150]
[298, 1960]
[805]
[158, 1533, 510]
[405]
[522, 1081]
[18, 13, 151, 1121]
[610]
[82, 150]
[16, 240, 462]
[]
[539, 910]
[94, 112]
[286]
[485]
[1981]
[880]
[475, 1612]
[1010, 1873]
[1790]
[1129, 1902]
[622, 1331]
[18, 197, 1252]
[186]
[]
[1094]
[922]
[69, 328, 191, 1862]
[1966]
[65, 113, 462, 1396]
[1543, 1132]
[354, 892, 1331]
[]
[171, 1323]
[]
[]
[459, 1104, 1490]
[1805]
[453, 1648, 1511]
[]
[240, 405, 1094, 1657]
[14, 746, 661]
[688, 731]
[16, 437]
[57, 324, 625]
[]
[679]
[]
[127, 620, 1322]
[146, 903, 1677]
[938]
[1536]
[844, 712]
[92, 11, 16]
[109, 1090]
[135, 1079]
[1736, 379]
[330, 698]
[56]
[14, 24, 73, 919]
[1128, 1867]
[]
[131, 1995]
[]
[83, 748]
[]
[20, 570, 798]
[]
[51, 248, 1651]
[68, 165, 238, 1691]
[1620]
[1433]
[9]
[160, 1394]
[1174]
[10, 26, 1171]
[1690]
[39, 17]
[21, 91, 625]
[19, 119, 269]
[1148, 1700]
[14, 159, 416]
[]
[45, 123, 904]
[777, 1377]
[698]
[993, 632]
[602, 1765]
[153, 283, 528]
[1683]
[15, 147, 194, 617]
[]
[61, 191]
[337, 1683]
[1751]
[208, 746]
[613, 479]
[12, 43, 631]
[295]
[365]
[325]
[55, 221, 695]
[]
[401]
[]
[340, 955, 674]
[172, 804]
[1389]
[923]
[59]
[1167]
[]
[291, 537, 940, 1629]
[1281]
[]
[75, 854]
[2, 158]
[874]
[127, 1729]
[]
[48]
[]
[109, 100]
[11, 1144]
[660]
[13, 586]
[38, 69]
[]
[12, 154, 334, 774]
[]
[]
[12, 1400]
[]
[1648]
[1354]
[801]
[10, 509]
[5, 11, 53, 834]
[868]
[132, 573]
[220]
[1541]
[1999, 1709]
[17, 80, 682, 1245]
[629, 1632]
[233, 1722]
[164]
[158]
[]
[]
[62, 606]
[10, 138]
[1600]
[170, 378, 642]
[1102]
[1290]
[409, 470, 1358]
[418]
[842, 1680]
[468, 1869]
[1192]
[62, 719]
[]
[419, 732]
[1971]
[]
[693]
[565, 567]
[11, 164]
[]
[11, 1998, 1170]
[]
[163, 1769]
[497, 899, 1444]
[411]
[1451]
[66, 606]
[37, 847, 1119]
[111, 278, 496]
[579, 270]
[1481]
[38, 328]
[674]
[1030]
[434]
[10, 1635]
[117]
[]
[139, 200, 1078, 1179]
[]
[46, 100, 115]
[689, 1103, 1507]
[1661]
[50, 223, 1793]
[]
[346, 411]
[1021]
[263]
[737]
[]
[1040]
[95, 171, 1242]
[1979, 149]
[325, 198, 237, 166]
[148]
[1089, 1831, 1801]
[205, 1197]
[75]
[46, 1878]
[1426, 1579]
[]
[909]
[30, 597, 616]
[]
[47, 776]
[285, 1292]
[1602]
[50, 402]
[970, 740]
[501, 1145]
[66, 844]
[253, 881]
[1188]
[10, 555]
[1909]
[576]
[21, 40, 230]
[31, 742, 953]
[494, 514, 1803]
[47, 1974]
[252]
[409, 1190]
[45, 198, 478]
[]
[402, 1139]
[185, 1989, 1646]
[1359]
[1879]
[122, 71, 546]
[1651]
[479]
[11, 936]
[104]
[567]
[23, 1392]
[993]
[]
[319, 746]
[1615]
[30, 282]
[114, 204]
[48]
[1180]
[4, 1303]
[]
[]
[1745]
[43, 154, 349]
[147]
[755, 1365]
[]
[1065, 1968, 1484]
[224, 1129, 134, 580]
[163, 227, 1042]
[24, 59, 938]
[53]
[42, 1041]
[478, 682, 1268]
[285, 584]
[]
[1193, 411]
[484]
[11, 999, 1820]
[12, 375]
[704]
[125]
[94]
[1888]
[322, 1519, 1427]
[]
[]
[601]
[980, 568]
[370]
[11, 1802, 1579]
[560, 706, 911, 1069]
[1504]
[23, 917, 1421]
[1211, 1636]
[47, 776]
[925, 1440]
[936]
[607]
[271, 456]
[]
[1447]
[13, 208, 1900]
[1877]
[1061, 1238]
[1992]
[1313]
[1017]
[]
[12, 1969]
[942]
[1001, 830]
[16, 1141, 494, 1880]
[169, 1168]
[672]
[108, 943]
[]
[19, 350]
[23, 315]
[1684, 46]
[]
[1938]
[60, 481, 749]
[1402, 584]
[1291]
[1818]
[1358]
[1593]
[1879]
[]
[15, 618, 1138, 1707]
[920, 966]
[1074]
[1973]
[146]
[12, 421]
[140]
[497]
[1055]
[304]
[160, 151, 760]
[264]
[1431]
[204, 508, 1280]
[330]
[53, 82, 451]
[79, 334, 448]
[]
[12, 272]
[]
[80]
[]
[]
[13, 73, 190, 1345]
[37]
[836, 1444]
[124, 1792]
[549]
[118, 1786]
[277, 1583, 1445]
[]
[528, 612]
[1186]
[1421]
[509, 618, 1289]
[5, 25]
[279]
[1260]
[437, 882, 449, 1269]
[3, 9, 824, 1199]
[62, 1293, 1029]
[1613]
[491]
[712]
[270]
[1656]
[204, 373]
[1323, 13]
[112, 395, 562]
[]
[]
[26, 899]
[899]
[78, 776]
[]
[336, 305, 1944]
[]
[558]
[1572]
[1371]
[280, 770]
[]
[54, 1123]
[641, 1282]
[34, 113, 553]
[62, 859]
[260]
[1302]
[395]
[524]
[]
[]
[24, 553]
[272, 828]
[]
[1106]
[654]
[5, 11, 16, 195]
[12, 1227]
[36, 400]
[]
[42, 784, 1421]
[1585]
[354, 723]
[5, 11, 732, 1792]
[817, 1018]
[317, 1486]
[]
[1698]
[210, 417]
[]
[]
[]
[401, 1188]
[4, 10, 151, 289]
[817, 1681]
[]
[]
[165, 1661]
[984, 764]
[802]
[286, 601]
[4, 18, 22, 1917]
[136, 1899, 690]
[99, 147, 1323]
[]
[600]
[194, 717]
[42, 663, 813]
[538, 1057]
[1490]
[1839]
[14, 415]
[861, 1563]
[80, 1082, 650]
[89]
[71]
[]
[647, 1865]
[1600, 806]
[811]
[692]
[40, 152]
[450]
[]
[513]
[1189, 1443]
[918, 1297]
[1046]
[291]
[288]
[252, 1087, 1123]
[]
[1466, 1977]
[1656]
[519, 766]
[1690]
[473]
[786]
[418]
[597, 796, 1824]
[1173, 1924]
[676]
[393, 697, 274, 1111]
[365]
[]
[939, 71]
[43, 1630]
[249, 497, 1102]
[]
[10, 854, 1150]
[304, 1163]
[1353]
[1619]
[503, 506]
[11, 1706]
[83, 913, 879]
[1163, 1438]
[1351]
[]
[1192, 970]
[527, 1113]
[733, 1223]
[1177, 1735]
[43, 749]
[41, 122, 778]
[20, 842, 1474]
[4, 1031]
[367]
[824, 920]
[118, 1693, 1887]
[519, 1693]
[79, 587]
[69, 39, 1547]
[55, 969]
[26, 1123]
[590]
[]
[57]
[98]
[]
[45, 333, 84]
[163, 1125, 1617]
[1453]
[1447]
[1813]
[920]
[581, 1001]
[360]
[1801]
[16, 173, 980]
[17, 142, 1017]
[1758, 110]
[]
[]
[322]
[]
[76, 1285]
[38]
[402, 502]
[6, 20, 105, 798]
[24, 34, 198]
[1890]
[102, 92, 1692]
[]
[1008]
[657, 110]
[10]
[1964]
[31, 493, 1197]
[71, 226, 1225]
[619]
[987]
[129, 675]
[1975]
[1876, 454]
[967]
[730, 923, 1013]
[495]
[190, 1269, 1807]
[1111]
[1912]
[159]
[1799]
[240, 926]
[867]
[1040]
[1016]
[664]
[853]
[663, 1252]
[758, 1655]
[519]
[16, 53, 583]
[96, 151]
[1694]
[1907]
[596, 908, 778]
[21, 1671]
[507]
[]
[]
[]
[166, 381, 566, 106]
[1478, 1416, 673]
[96, 166, 316, 1948]
[175]
[]
[674, 214, 870, 964]
[267, 860]
[12, 558]
[137, 1564]
[837, 343]
[]
[32, 424]
[192, 1480]
[542, 1579]
[13, 73, 715]
[104, 1574]
[156, 122, 1149]
[173, 671, 1880]
[801]
[413]
[451, 1767]
[67, 615]
[146, 345, 1484]
[126, 471]
[165, 452]
[1394]
[54, 532]
[273, 529, 1846]
[423, 300, 836]
[255, 320, 376]
[550]
[40, 658, 1642]
[]
[266]
[1882]
[14, 13, 849]
[117, 534]
[68, 256]
[1783]
[684]
[1645]
[230]
[1076, 1199]
[5, 47, 1621]
[819]
[440]
[245, 1846]
[1479]
[83, 443]
[861, 1647]
[74, 208, 1173]
[1778]
[111, 292, 596]
[1885]
[535, 846]
[]
[229, 1687]
[1505]
[]
[33, 1819]
[713, 1492]
[145]
[10, 21, 91]
[879]
[1804]
[11, 31, 71]
[322]
[1222, 930]
[175, 295, 1037]
[74, 503]
[]
[84]
[14, 157]
[89, 493, 776]
[311, 793]
[286]
[437, 874]
[567, 518]
[306, 898]
[14, 544, 895]
[22, 38, 1391]
[9, 86]
[360, 179]
[119]
[19, 1050]
[1845]
[22, 1917]
[348, 957]
[1347]
[13, 67, 1710]
[297]
[19, 32, 1388]
[761, 19]
[53, 633]
[1383]
[1089]
[85, 92, 1347]
[361, 1319]
[1831]
[167]
[10, 515]
[1442]
[598]
[243, 301]
[463]
[1260]
[14, 36, 1900]
[188, 1362]
[1549]
[1143]
[]
[]
[13, 577, 1085]
[]
[17, 69, 340]
[125, 354]
[454]
[]
[1513]
[452, 878]
[621, 1193, 1538]
[284, 1403]
[168, 1975]
[1894]
[1495]
[1195]
[1116, 1496]
[114, 1493]
[38, 53, 117, 769]
[1477]
[597, 172, 1990]
[158, 603]
[58, 342]
[130]
[17, 1795, 269]
[]
[]
[1624]
[163, 167, 272]
[216, 120]
[]
[18, 61, 1561]
[251]
[10, 643]
[153]
[339, 1400]
[1901]
[]
[1144]
[345, 1159]
[7, 595, 1843]
[284, 1815]
[]
[522]
[75, 175, 1014, 1150]
[193, 268, 1362]
[280, 293]
[1866]
[]
[]
[1176]
[823, 1631]
[]
[186]
[]
[109, 168, 942]
[618, 1967]
[219, 426, 701]
[14, 30, 96, 1762]
[622, 1632]
[1180]
[1167]
[381, 1997]
[]
[210, 835]
[1081, 374]
[117, 1166]
[463]
[173, 1880]
[1588]
[]
[182, 1992]
[411, 579, 569]
[16, 84]
[221, 1300]
[1346]
[205]
[21, 198, 1091, 1111]
[744]
[11, 56, 237, 478]
[360]
[1274, 134]
[71, 564]
[]
[]
[12, 197, 590, 1181]
[352]
[]
[142, 600, 716]
[1823]
[1522]
[1037]
[11, 151, 246]
[116, 257, 436]
[674, 739, 1176]
[1500]
[406]
[5, 1794]
[89, 334, 576, 877]
[712, 892]
[1129, 1040]
[]
[338, 1730]
[33, 49]
[1453]
[837]
[131, 1685]
[1878]
[536]
[60, 651, 719]
[]
[111, 587]
[736, 371]
[]
[235, 244, 1729]
[1058]
[652]
[23, 127, 219, 729]
[54]
[155, 549]
[547, 1448]
[23, 610]
[383]
[798]
[]
[1988]
[100]
[]
[133, 986]
[26, 76, 230]
[889, 1203]
[881]
[24, 1328]
[1801]
[366]
[20, 1301, 652, 708]
[527]
[238]
[121, 1312]
[]
[428, 1034]
[1306]
[907]
[694, 1810]
[182]
[]
[144]
[664, 1738]
[307]
[34, 774]
[77, 1475]
[243, 202]
[293, 353, 889]
[1526]
[]
[530, 653]
[507, 836]
[]
[996, 1401]
[]
[1777]
[1643]
[12, 23, 78, 277]
[99]
[22, 445, 640, 1077]
[111]
[1419]
[4, 855, 1364]
[]
[1340]
[954]
[27, 329]
[406]
[459]
[9, 25, 1754]
[607]
[30, 32]
[]
[713, 1024, 702]
[34, 969]
[]
[262, 426, 411]
[]
[174]
[]
[348, 706, 1069]
[26, 38, 948]
[1208, 1535]
[203, 642]
[]
[54, 46]
[1532]
[46, 112, 635]
[266, 383]
[884]
[1067]
[]
[393]
[16, 591]
[868]
[157, 326, 1377, 1494]
[5, 684, 1846]
[1194]
[5, 777]
[44, 58, 441]
[]
[42, 1041, 1796]
[191, 1395, 138]
[]
[596]
[54, 221, 635]
[4, 35, 1768, 1534]
[117]
[15, 17, 769, 1714]
[1559, 1267]
[123, 109]
[43, 688]
[92, 195, 1295]
[54, 34, 132]
[1074]
[366, 1975]
[1567, 726]
[361, 1337]
[]
[1776]
[874]
[552]
[1033]
[227, 1971, 1872]
[17, 1818, 1440]
[78, 1942]
[410]
[10, 33, 555]
[120, 1316]
[55]
[93]
[857, 900, 1491]
[827, 990]
[119, 295]
[1759, 1644]
[]
[17]
[1470]
[649, 1903]
[]
[89, 739]
[985]
[724]
[9, 342, 536, 1363]
[69, 142, 902]
[66]
[69, 171, 679, 1655]
[10, 370]
[19, 358, 621]
[]
[1862]
[439, 1011]
[90, 1335]
[560]
[216, 1351]
[687]
[5, 116, 878]
[5, 25, 155, 1417]
[131, 344]
[256, 1009]
[13, 30]
[16, 1557]
[1008, 520, 474]
[70, 1310]
[462, 511]
[34]
[521]
[53, 99]
[166]
[48, 628, 630, 589]
[118, 217, 431]
[416, 770]
[416]
[74]
[903, 1855]
[917]
[636, 925]
[]
[14, 13, 1269]
[40, 60, 1432]
[1874, 1839]
[117, 1714]
[787]
[1581]
[781]
[1558]
[113, 1413]
[13, 67, 910]
[]
[131, 344]
[]
[13, 539, 586, 1870]
[251]
[13, 67, 1834]
[]
[4, 1688]
[1234]
[1328]
[451, 1529]
[41, 1066]
[997, 1008]
[]
[]
[442, 770, 673]
[145, 189]
[638]
[10, 117, 362]
[564]
[62]
[838, 1825]
[43, 588]
[144, 198, 1336, 599]
[32, 74]
[721]
[1260]
[]
[182]
[613, 1216]
[75, 1771]
[513, 951]
[24, 458, 697]
[1070]
[1029]
[11, 977]
[214, 532]
[1425, 1889]
[202]
[181, 1129]
[]
[5, 343, 353]
[10, 309]
[121, 1813]
[107]
[304, 850, 958, 310]
[222, 921, 948]
[247, 1235]
[8, 322]
[76]
[1389]
[181, 447, 421, 569]
[191, 1862, 38]
[]
[396, 43]
[175, 419, 673, 1680]
[198, 346, 1329]
[71, 891, 1556]
[420, 1555]
[25, 31, 155]
[166, 714]
[1737]
[]
[734, 1587]
[199]
[834]
[1988]
[4, 616]
[285]
[]
[221, 1676]
[579, 569, 1358]
[116, 1065]
[366, 597]
[]
[484]
[1799]
[1460, 665]
[483, 1766]
[258]
[1017]
[71]
[1732]
[75, 1148, 1150]
[336, 614]
[]
[114]
[1841]
[83, 167, 542]
[173, 980]
[35, 165, 457, 1164]
[]
[1349, 252]
[179, 1400]
[96]
[168, 1908]
[105, 211, 474]
[]
[321]
[13, 30]
[33, 99, 193, 1314]
[1712]
[]
[15, 1473]
[35, 1322]
[]
[79, 541]
[858, 973]
[424, 567]
[1701]
[88, 137, 351, 1279]
[1376, 1469, 1735]
[844]
[1310]
[1864]
[23, 504, 538]
[1077]
[271, 1328]
[157, 857]
[8, 895, 1141, 1540]
[33, 368]
[1321]
[]
[917]
[457, 1646]
[37, 847]
[26, 60, 481]
[3, 56]
[13, 516]
[32, 514, 979]
[385, 1935]
[10]
[218, 936]
[33, 79, 857]
[1707]
[14, 13, 67, 293]
[314]
[994, 469]
[]
[1304]
[952, 1221]
[954]
[1672]
[]
[75, 175, 388]
[175, 1028, 1376]
[1165]
[1492]
[195, 600, 487]
[1096]
[1387]
[10]
[446, 1969]
[94]
[20, 242, 1544]
[542]
[156, 555, 737]
[474, 758]
[59, 1697]
[927]
[142, 392, 1487]
[1229, 823]
[108, 268]
[]
[]
[236, 812]
[656]
[848]
[704, 96]
[83, 565]
[]
[299, 541, 601]
[1866]
[21, 493]
[52, 173, 215]
[]
[65, 323, 1148]
[177, 1948]
[4, 13, 895]
[]
[68, 1006, 495]
[1015, 1220, 40]
[99, 805]
[4, 1338, 1603]
[221, 615, 67]
[1619]
[1060]
[694, 114]
[]
[22, 181, 1010]
[1300]
[174]
[41, 294]
[1233, 1520]
[956]
[381]
[119, 324]
[33, 1901]
[5, 1010]
[219, 223]
[257]
[31]
[14, 1834]
[]
[1872, 913]
[1022, 505]
[16, 85, 347, 1366]
[13, 266]
[1323]
[4, 223, 940]
[1674]
[]
[827]
[94, 1316, 1904]
[213, 318, 332]
[1146]
[111, 1380]
[74, 959]
[265, 521, 1272]
[289]
[16, 227, 858]
[]
[108, 80, 160, 320]
[1589]
[]
[203, 1464]
[1376]
[451, 310, 113, 1505]
[483, 388, 1601]
[56, 347, 1184]
[153, 875, 1388, 527]
[]
[36, 491, 1948]
[425]
[1494, 860]
[296, 990]
[154]
[98, 877]
[157, 279, 1109]
[13, 433, 1203, 1482]
[546, 566]
[]
[783, 1261]
[1722]
[239, 324]
[776, 741, 1942]
[55, 693]
[339, 857]
[808]
[1530, 1927]
[1158]
[340]
[586, 1142, 1259, 1534]
[107]
[57, 1089]
[23, 186, 95, 1689]
[]
[12, 1724]
[1219]
[4, 310, 279]
[1559]
[794, 1027]
[1137, 54]
[305, 144]
[]
[569, 1856, 1742, 1737]
[12, 127, 297, 643]
[17, 630, 759]
[578]
[12, 82]
[493, 1235]
[140, 576, 1209, 921]
[305]
[]
[503, 1609, 1793]
[136, 308, 929]
[965, 1925]
[419, 665, 1338]
[]
[97, 94, 144]
[386, 1384]
[]
[264, 853]
[1439]
[894, 1025]
[112]
[1302]
[]
[16, 1302]
[212]
[1964, 703]
[989, 1781, 1338, 1503]
[1730]
[17, 168, 1666]
[692]
[]
[144, 1250]
[1266]
[104]
[1798]
[516, 1148, 1630]
[224, 820, 1129, 1789]
[1375]
[1110, 1856]
[63, 1557]
[]
[]
[10, 26, 246, 1267]
[1115]
[1459]
[327, 580]
[1042, 654]
[261, 154, 340, 1788]
[79, 557, 1156]
[565]
[1091, 757]
[]
[1341]
[269, 517]
[987]
[37]
[680, 742]
[132, 562]
[214]
[191, 679, 1945]
[151, 1121]
[4, 284, 386, 778]
[150, 983, 1731]
[17, 395]
[175]
[949]
[1413]
[]
[]
[3, 5, 1507]
[]
[283, 1378]
[]
[819, 1435]
[152]
[128, 996]
[]
[208]
[33, 209, 1014]
[1705, 1304]
[1230]
[1073]
[5, 1977]
[135]
[9, 189, 689]
[75]
[]
[14, 13, 74, 946]
[246, 389, 1618]
[453, 241]
[465]
[385, 464, 545, 152]
[1604]
[259]
[1552]
[140, 576]
[]
[807, 1831]
[1233, 237]
[663, 1870]
[26, 391, 1671]
[272]
[1345]
[283]
[32, 1084]
[466]
[1287, 988]
[23, 291, 610, 1532]
[92, 498, 1851, 1621]
[221, 954, 1325]
[245]
[285, 577, 1940]
[33, 414, 509, 428]
[288, 624]
[265, 1080]
[284]
[839]
[395, 771]
[]
[11, 808, 498]
[144, 1797]
[968, 503]
[113, 773]
[116, 201]
[48, 221, 1353]
[]
[24, 232]
[11, 56, 1039]
[1962]
[338]
[127, 870, 964]
[13, 1924]
[58, 212, 1019, 994]
[5, 394, 679]
[1324]
[97]
[]
[229, 786]
[36, 1342]
[1289, 1420]
[259, 621, 1546]
[119, 1455, 1247]
[143, 99]
[1681, 1933]
[]
[19, 100, 114, 1612]
[701, 622]
[1598]
[1856, 1507]
[844, 676, 1011, 1811]
[15, 26, 62, 666]
[128, 525, 611]
[1608, 761]
[10, 735]
[24, 148, 1765]
[98, 538]
[281, 1928]
[75, 157, 405]
[60, 762]
[93, 628]
[42, 164, 443]
[]
[113, 1679]
[181, 1972]
[21, 1562]
[1252]
[911, 989]
[266]
[34, 506, 1083]
[128, 996, 1631]
[55, 251, 639]
[1612, 1295]
[425, 1195, 1911, 212]
[577]
[]
[109, 1643]
[1444]
[21, 91, 1075]
[963, 1530]
[254, 99, 1260]
[]
[488]
[92, 858]
[1154]
[19, 803]
[242, 371, 113]
[5, 25, 273]
[80, 1139, 1100]
[19, 670]
[1312, 1813]
[12, 50, 1752]
[519]
[]
[857]
[37, 159, 1526]
[45, 1871]
[368, 947]
[3, 11, 108]
[182, 271]
[59, 199]
[119, 108, 204, 443]
[14, 24, 30, 1185]
[1318]
[37, 233, 1419]
[3, 361, 1607]
[97, 1245]
[44, 231, 504, 1685]
[]
[5, 11, 1926]
[722]
[74]
[1518]
[166, 1361]
[448]
[299]
[446, 1142]
[15, 60, 62, 651]
[423, 603, 952, 1079]
[113, 299]
[328, 1024]
[37, 1119]
[39, 184, 1399]
[176, 52, 901]
[]
[29, 275]
[]
[9, 29, 123, 887]
[69, 1143, 1464, 1603]
[562, 1294]
[20, 204, 644]
[15, 49, 183]
[1056]
[650]
[329]
[1381]
[687, 165, 902]
[]
[]
[42, 108, 886]
[556, 775]
[1780]
[1300]
[301, 1471]
[585]
[44, 1495]
[27, 605, 1796]
[11, 24, 701]
[289, 1502]
[6, 736]
[70, 207, 1389]
[72, 491, 1512]
[1474]
[]
[122, 867, 1009]
[12, 83, 923]
[91, 497]
[121, 176]
[1207]
[67, 1345]
[1524]
[1025]
[827, 905]
[945, 1671]
[472]
[42, 69, 88]
[1027, 330]
[1979]
[112, 1633]
[]
[384]
[10, 234]
[]
[128]
[867]
[426, 574, 1199]
[1333]
[16, 701]
[]
[139]
[57, 209, 1199]
[274, 832]
[1197]
[29, 33, 83, 1218]
[32, 196, 1242, 806]
[595, 334]
[1476]
[16, 143, 173]
[5, 25, 223]
[61, 1066]
[160, 585]
[]
[64, 212, 1387]
[566, 1286]
[43, 193, 339, 879]
[92, 85, 511]
[31, 104, 177, 758]
[233, 1283, 1083]
[494, 1803]
[51, 1651, 1943]
[184, 932, 1266, 18]
[1600]
[1379]
[10, 15, 559]
[928]
[]
[909]
[1078]
[]
[396]
[13, 14, 67, 494]
[4, 148, 279, 630]
[1833]
[479, 356]
[249, 1097, 1430]
[559]
[153, 1106, 1309]
[301, 1602]
[213, 864]
[635]
[]
[817, 391]
[857, 894]
[42, 179, 1444]
[22, 38, 592]
[727]
[1498]
[30, 160, 384]
[289]
[55, 257, 693]
[10, 15, 33, 540]
[1762]
[1363]
[]
[1306]
[1052, 824]
[339, 839, 1877]
[187]
[205]
[1969]
[1654]
[918]
[1491]
[21, 101, 1264]
[1464, 1415]
[678]
[1538]
[12, 416]
[]
[]
[84, 961]
[22, 1325, 1708]
[149]
[826]
[634]
[5, 16, 1366]
[29, 1218]
[48, 880]
[465]
[1186]
[414]
[5, 660, 473]
[55, 121, 1280]
[139, 1161]
[43, 54, 100, 1954]
[83, 359]
[5, 150, 581, 1324]
[34, 1265]
[762]
[180, 338]
[102, 541]
[]
[40, 171]
[70, 115, 1236]
[]
[1982]
[1793]
[]
[1118, 8]
[138]
[172, 237, 1700]
[1049, 147, 444]
[43, 588]
[83, 157, 359]
[713]
[1507]
[685, 919]
[809, 1146]
[66, 323, 209, 537]
[1156]
[246, 505, 356]
[17, 519, 1395, 1590]
[941]
[12, 317, 877]
[424]
[6, 736]
[37, 159, 658]
[943, 1747, 1620]
[403]
[1063]
[309]
[224, 332, 775, 1837]
[124, 636, 1764]
[288, 419]
[175, 413, 842]
[666]
[]
[156, 123]
[12, 9, 237]
[12, 535, 1094]
[]
[]
[1638]
[86, 378, 388]
[]
[]
[]
[83, 359]
[3, 1518, 1527]
[1835]
[84, 433]
[581]
[139]
[171]
[1218]
[612]
[62, 194, 1171]
[1967]
[30, 623, 1251]
[1840]
[]
[14, 131, 1579]
[]
[]
[1980]
[4, 210, 503]
[]
[219, 338, 1730, 809]
[234, 1980]
[972]
[38, 1180]
[26, 1048]
[78, 342, 446]
[44, 974, 820, 961]
[533]
[5, 1183]
[243, 1250]
[253]
[709]
[1029]
[]
[41, 448, 286, 492]
[9, 29, 47, 275]
[79, 1267]
[1736, 1187]
[276, 283, 392]
[]
[196, 694]
[1281]
[]
[1379]
[706, 1069]
[]
[4, 239, 1636]
[]
[978]
[443]
[1213]
[1347]
[554]
[9, 578]
[36, 237]
[240, 726]
[621, 601]
[52, 612, 1792]
[802, 1995]
[642]
[22, 38, 709, 1394]
[234, 1439]
[143]
[388]
[12, 60, 140, 108]
[481, 696]
[1139]
[103, 177, 1088]
[62, 10]
[484]
[814, 1612, 740]
[45, 123, 904]
[]
[105, 388, 1420]
[1259]
[]
[]
[599]
[407, 604, 1363]
[220, 605]
[111]
[523]
[385, 1935]
[1381]
[339, 1264]
[300]
[279, 1354]
[]
[798]
[808]
[177, 310, 1977]
[579]
[124, 476]
[87, 170, 89]
[103, 201, 1851]
[]
[20, 596]
[50, 394, 940]
[]
[]
[30, 242, 413, 882]
[401, 1549]
[711]
[]
[]
[365, 1290]
[22, 38, 1279]
[817, 1472]
[152, 331]
[75, 1155]
[40, 49, 290]
[264, 1600, 1258]
[203, 1444]
[]
[191, 1395]
[64, 2, 301]
[1247, 812]
[201]
[1364]
[1112]
[949]
[75, 167, 314]
[1869]
[701, 1384]
[108, 918]
[187]
[531, 453, 679]
[1460]
[]
[1228, 1688]
[]
[247]
[113, 512]
[90, 993]
[]
[675]
[]
[143, 590, 1813]
[33, 42, 223]
[56, 720]
[779]
[204]
[19, 162, 284]
[11, 16, 511]
[71]
[276, 283]
[424]
[12, 44, 1455]
[1018]
[136, 378, 1484]
[10, 26, 78, 469]
[44, 186]
[29, 52, 656, 1510]
[848]
[375]
[22, 1048, 647, 445]
[173, 591, 398]
[174, 351, 1256]
[688]
[37, 159, 1955]
[522]
[222]
[]
[836, 1323]
[122, 1709]
[348, 1194]
[]
[1127]
[445]
[54, 517, 560]
[17]
[217, 571, 1177]
[5, 25, 124]
[]
[601, 1341]
[260]
[24]
[1683, 1545]
[464, 1212]
[1210]
[]
[15, 183, 1168]
[491]
[]
[738, 1043]
[11, 490]
[818, 1767, 1955]
[1501]
[637]
[1521]
[]
[1262]
[99]
[48, 157, 197, 605]
[805, 1104]
[929, 1028]
[874]
[115, 1310, 473, 1248]
[108, 408, 608, 732]
[717, 1876]
[130, 260, 620, 747]
[145, 832]
[14, 1918]
[1223]
[29, 1416]
[]
[22, 38]
[1385]
[204, 1530]
[188]
[274, 1089, 807]
[37, 200, 262]
[]
[453, 1347]
[]
[889, 1943]
[216, 1962]
[1132, 17, 1198]
[1922]
[538]
[529, 783]
[1733]
[]
[5, 210, 215, 402]
[1412, 1152, 1106, 1505]
[184, 1547]
[1079]
[]
[114, 313]
[16, 1128]
[1096]
[]
[834]
[78, 160, 1537]
[118, 682, 1322]
[532]
[42, 886, 1800]
[44, 112, 1699]
[306, 842, 1666]
[1499, 1067]
[1965]
[197, 988]
[]
[]
[103, 1088]
[449, 1806]
[275, 342, 1510]
[26, 62, 104]
[]
[35, 39, 406]
[]
[1777]
[23, 297]
[83, 345, 396]
[12, 479, 1962]
[1891]
[359, 846]
[181, 1573]
[241, 924]
[914]
[183]
[530]
[940, 1765]
[]
[]
[881]
[428]
[99, 140, 315]
[73, 548]
[570, 1618, 4]
[241, 120, 1000]
[]
[1785]
[703, 1516, 1371]
[50, 710]
[]
[38, 785]
[138, 473]
[]
[1482]
[11, 22, 1652, 1948]
[1560]
[240, 586, 1434]
[]
[89, 52, 442, 1899]
[14, 13, 30, 281]
[1551]
[111]
[338]
[13, 67, 89, 1114]
[36, 353, 1861]
[1240]
[]
[290, 1573]
[933, 1931]
[465, 1434, 1259, 1929]
[278, 423]
[151, 564]
[132, 229, 1033]
[352, 1793]
[39, 1299]
[584]
[475, 391, 395, 816]
[296]
[782]
[881]
[302]
[3, 12, 420, 1339]
[1341, 498]
[735]
[]
[1608]
[78, 646]
[2, 1201]
[781, 874]
[59, 232, 1931]
[14, 24, 30, 1910]
[]
[10, 62, 106]
[166, 316, 1000]
[]
[25, 1957, 1106]
[1736, 450]
[575, 747]
[47, 421]
[10, 26, 1449]
[250, 443, 1584]
[289, 1502]
[180, 960]
[179, 1583]
[271]
[381, 1266]
[1116, 352]
[1784]
[407]
[42, 1494]
[1673]
[879, 1997, 1052]
[845]
[35, 320, 1828]
[783, 1501]
[130]
[]
[807, 1089, 1831]
[]
[]
[16]
[26, 89, 507]
[485]
[8, 597, 892]
[1649]
[1745]
[498]
[497, 427]
[1321]
[485, 601]
[]
[]
[1570]
[180]
[224]
[200, 210, 281, 1429]
[]
[1774, 210]
[1926]
[5, 25, 210]
[859]
[]
[]
[593]
[43]
[147, 625]
[16, 86]
[92, 173, 591]
[458, 792]
[11, 86, 245]
[9, 231]
[111]
[124]
[]
[214]
[544, 1428]
[82]
[135, 158, 1376, 303]
[40, 50, 258]
[]
[2, 4, 10, 36]
[116, 306]
[10, 640, 1616]
[20, 1280]
[824]
[630]
[]
[]
[402, 1639]
[]
[945]
[407]
[818, 1955]
[]
[29, 46, 391]
[831]
[1510]
[37, 159, 1526]
[]
[14, 13, 1436]
[]
[170, 370]
[410, 482]
[508, 1110]
[]
[30, 128, 1043]
[68, 1484]
[1503, 1004]
[800, 765]
[310]
[1274]
[204, 1901]
[24, 128, 182, 1631]
[618, 828, 1686]
[233]
[40, 1446]
[1895]
[]
[171, 61, 1276]
[733, 745, 1545]
[1021, 939]
[78, 1724]
[98, 435, 1080]
[199, 1432]
[75, 175]
[403, 1138]
[876]
[942, 61]
[]
[346, 880]
[1627]
[843, 1037]
[70, 221, 252]
[]
[620]
[1257]
[1346]
[813, 1906]
[226, 824]
[484, 1303]
[]
[]
[]
[1228]
[241, 1923]
[1934]
[1496]
[]
[]
[66]
[21, 102]
[]
[610]
[1193, 1220, 1810]
[1813]
[1430, 1419]
[652, 1157]
[62, 513, 951]
[1583]
[]
[780, 1161]
[379, 1824]
[488, 390]
[]
[231]
[536, 1666]
[82, 505, 1488, 1090]
[264, 650]
[170, 600]
[543]
[287, 224]
[77, 107, 299]
[17, 69, 541]
[21, 102, 1597]
[]
[57, 42, 700]
[]
[789]
[679, 1474, 1017]
[217, 1925]
[10, 26, 13, 1995]
[76, 315, 1442]
[183, 840]
[762, 1502]
[149]
[1690]
[]
[931]
[551]
[1052]
[44, 845]
[1019]
[1932]
[41, 294, 994]
[]
[40, 281]
[54, 97, 827]
[1585]
[1780]
[1478, 796]
[343, 1257]
[]
[260, 643, 747, 1875]
[504]
[38, 461]
[393]
[469, 1967]
[4, 40, 630]
[12, 228, 1298]
[10, 33]
[4, 24, 219, 521]
[214]
[16, 1596, 1685]
[849, 1870]
[321, 416]
[]
[155]
[883]
[943, 1407]
[1299]
[162, 1389, 1018]
[846]
[82, 150]
[204, 108, 1786]
[]
[14, 139, 1918]
[82, 251, 1194]
[45, 306]
[527]
[123]
[]
[106, 145]
[1308, 1250]
[162, 119, 867]
[40]
[1028]
[550, 763]
[110]
[]
[1605, 1973]
[1051]
[]
[128, 1189]
[1780]
[5, 1330]
[113]
[1187]
[145, 210, 637]
[]
[]
[789]
[28, 1825]
[315, 666]
[5, 130]
[24, 82, 1328, 1488]
[3, 11, 56, 330]
[736, 1143]
[946, 959, 1247]
[17, 1391]
[1837]
[510, 1414]
[5, 608]
[487, 1699]
[1513]
[11, 36, 92]
[12, 202]
[1061]
[17, 111]
[9, 29, 248, 519]
[1890]
[409]
[305]
[]
[]
[336, 443, 718]
[167, 1044]
[720]
[]
[194, 151]
[1408]
[]
[1909, 205, 638]
[]
[12, 1013]
[75, 620, 1771]
[623]
[69]
[89]
[59, 1271]
[1015]
[]
[1984]
[1173]
[1559]
[930]
[13, 281]
[698, 965]
[1988]
[872]
[82, 138, 251]
[1181, 1421]
[14, 13, 1413]
[3, 25, 255]
[1644]
[50, 189, 574]
[5, 177, 1442]
[]
[1834]
[5, 36, 1133]
[59, 646, 1516]
[1652]
[1753]
[212, 1000]
[58, 342]
[1229, 526]
[22, 38, 445, 1647]
[16, 227, 1938]
[]
[1495]
[1281]
[1385]
[79, 386, 435]
[78, 235, 396]
[1906]
[135, 193]
[311]
[611]
[295]
[20, 228]
[20, 590]
[25, 155]
[]
[12, 1322]
[168, 1132]
[14, 619, 544, 1530]
[524]
[1703]
[551, 1821]
[14, 131, 319, 895]
[191]
[390, 488, 1935]
[70, 1310]
[190, 1594]
[455, 922, 1236]
[79, 584]
[1611]
[51, 177]
[1511, 1267]
[4, 33, 197]
[876]
[]
[1519]
[692]
[16]
[]
[1423]
[600]
[11, 188, 1365]
[15, 59, 315, 167]
[512]
[47, 45, 218, 728]
[57, 384, 377, 1584]
[126, 471]
[758, 1319]
[1927]
[]
[281, 710, 1345]
[79]
[50]
[1832]
[113, 1439]
[221, 354]
[1958]
[171]
[128]
[]
[14, 13, 30, 1173]
[39, 41, 448, 1783]
[1139, 774, 1615]
[1112, 1791]
[1045]
[1307]
[1542]
[]
[494, 1803]
[984]
[146, 700, 903]
[]
[1420]
[943, 1925]
[104, 163]
[365]
[1276]
[130, 501]
[1996]
[38, 445]
[33, 339]
[292, 1637]
[429, 915, 1044]
[635, 756]
[163, 1430]
[1289]
[220, 1575]
[210, 1011]
[81, 676, 1011]
[36, 1941]
[411]
[117, 738, 660]
[4, 843]
[187, 290]
[313, 891]
[209, 1028]
[121]
[216, 55, 82, 36]
[302, 1359]
[873, 83]
[160, 156, 1433]
[]
[5, 207, 1255]
[1181]
[]
[242, 801, 1268]
[175, 633]
[316]
[273, 309, 483]
[]
[307, 1028, 1861]
[680]
[350, 1462]
[807]
[13, 131, 539]
[86, 245]
[373, 40, 888, 1362]
[950]
[1819]
[13, 597]
[233]
[1351]
[50, 433]
[299, 520]
[]
[1208, 772]
[185]
[565, 112]
[1652]
[1844]
[239]
[39, 1609]
[468]
[160, 1881]
[105, 341, 1109]
[]
[1202]
[68]
[1513]
[1, 98, 467, 709]
[1210]
[68]
[]
[45, 154, 237, 887]
[305, 1439]
[410]
[1265]
[213]
[211, 1579]
[823]
[647, 1798]
[1240]
[398]
[1468]
[596]
[48, 1233]
[19, 100, 114]
[422, 449, 943]
[12, 346]
[569]
[]
[981]
[207]
[13, 1910]
[1758]
[353, 1969]
[814]
[]
[15, 1171, 1197]
[1852]
[38, 480]
[]
[42, 79, 460, 791]
[504]
[664, 274, 1738]
[204, 272, 1856]
[1223]
[86, 84]
[13, 539, 1159]
[1501]
[217, 429, 1314]
[10, 33, 330, 408]
[9]
[45, 924]
[1139, 1440]
[731]
[212, 548, 1020]
[78, 1827]
[]
[545]
[56, 248]
[278, 1085, 1574]
[196, 325, 659]
[1534]
[540, 1671]
[121, 1809]
[1009]
[]
[314]
[1642]
[243, 521]
[1813]
[]
[350]
[684, 1960]
[394]
[1845]
[48, 1100]
[]
[33, 42, 534, 886]
[]
[41, 616, 833]
[42]
[9, 246]
[652]
[1324, 1984]
[142, 185, 1613]
[983, 1121]
[554]
[249, 1766]
[1797]
[4, 496]
[1623]
[5, 11]
[258, 998, 543]
[1963]
[160, 189, 1441]
[338]
[353, 275, 1974]
[274, 807]
[44, 309, 1155]
[1135]
[1728]
[5, 108, 1156]
[962]
[1662]
[1395]
[1366]
[]
[1831]
[421]
[]
[17, 80, 182]
[74, 946, 1834]
[170]
[1431]
[1819]
[1224]
[346, 915, 1919]
[323, 1011]
[259, 1375, 1542]
[65]
[290, 347]
[188, 1092, 1497]
[21, 101]
[137, 257, 289]
[46, 216, 375]
[]
[95, 259, 937, 621]
[]
[41, 243]
[701, 495]
[973, 1033]
[55]
[1037]
[4, 1259]
[]
[42, 83, 1025]
[]
[198, 463, 1691]
[]
[1143]
[877]
[935]
[1613]
[700]
[111, 691, 366]
[16, 173]
[93, 1107]
[150, 263, 983]
[1300]
[1412]
[5]
[]
[46, 250]
[154]
[55, 824, 1060]
[1273]
[98, 1537]
[288]
[]
[12, 27, 582]
[194, 222, 1840]
[153, 1409]
[526]
[158, 795]
[949]
[1087]
[1798, 645]
[1796]
[50, 75, 457]
[1191, 1351, 686]
[193]
[1042]
[230, 1145]
[75, 1014, 1771]
[]
[17, 601, 1224, 1643]
[]
[738, 1678]
[10, 1329]
[16, 343]
[]
[5, 8, 13, 591]
[9, 235, 1665]
[14, 13, 661]
[894, 618, 857, 1735]
[111]
[86]
[10, 540, 1197]
[571]
[]
[1958]
[232, 1284]
[]
[270, 788]
[67]
[57, 324, 272, 274]
[5, 108, 672]
[468]
[111, 1619]
[1555]
[156, 252, 540, 514]
[75, 823]
[251, 623, 1326]
[180, 629, 1961]
[]
[1284, 1228]
[31, 212]
[1282]
[]
[149, 1902]
[960]
[60, 444]
[914, 1724]
[1606]
[15, 42, 62, 1978]
[285, 1292]
[19, 171, 806]
[180, 622]
[35, 32, 1420]
[547]
[1412, 1408]
[453]
[11, 343, 1470]
[311, 420, 1167, 1668]
[171, 761]
[700]
[208]
[]
[33, 56, 408]
[186]
[53, 17, 64]
[151]
[1256]
[1007]
[345]
[14, 73, 1360]
[82, 117, 280]
[259, 1909]
[1725]
[563, 1022]
[]
[1835]
[]
[1868]
[1, 1788]
[906]
[652]
[612, 1709]
[726, 1609]
[]
[1239]
[92, 1349]
[436]
[243, 951]
[1200, 11]
[33, 83, 330, 801]
[247, 356]
[361]
[]
[4, 200, 762]
[397, 285, 774]
[436]
[43, 588]
[46, 432]
[237, 321, 171]
[680]
[1895]
[80, 374, 1679, 1699]
[127, 1729]
[13, 131, 344, 609]
[783]
[]
[170, 299, 370]
[1839]
[1322]
[184]
[1507, 1347]
[1038]
[119, 866, 1925]
[24, 59, 573]
[1652, 1026, 553]
[316, 1616]
[1122]
[139, 184, 1548]
[996]
[152]
[1982, 1331]
[16, 622]
[641]
[674, 547]
[34, 703, 1507]
[1874]
[162, 350, 363]
[1509]
[143]
[1306]
[762]
[378, 952]
[]
[]
[10, 247]
[1686]
[24, 1557, 1686]
[865]
[1596]
[1074]
[5, 56, 218]
[30, 131, 1185]
[1159, 1251]
[9, 55, 306, 563]
[160, 1295]
[991]
[4, 52, 262, 200]
[79, 760, 461]
[13, 810]
[272]
[754]
[424, 518]
[10]
[1040]
[5, 52, 139, 968]
[1883]
[]
[32, 937, 1232]
[1936, 951]
[1459]
[236]
[306]
[29, 917]
[192]
[36, 1342]
[210, 173, 1277]
[1888]
[202, 1381]
[867]
[1810]
[510, 1155]
[1593]
[]
[41, 301]
[1989, 1646]
[1928]
[451]
[607]
[75]
[81, 844, 1147]
[1833]
[44, 199, 1464]
[901]
[121, 150]
[688]
[465]
[112, 1770]
[807]
[13, 74, 946]
[29, 59, 78, 1032]
[65, 1147]
[383]
[420]
[166, 64, 803, 714]
[1099]
[58, 247, 356]
[40, 231, 578]
[38]
[]
[1432]
[1642]
[1372, 118, 1474]
[83, 1041]
[]
[24, 641]
[99, 429, 1622]
[41, 1615]
[9, 561]
[12, 1881]
[597, 744]
[205, 1897]
[277, 1445]
[352, 426, 1626]
[1037]
[253, 969]
[41, 1093]
[]
[354, 182]
[1084]
[40, 228]
[368, 1260]
[69, 191, 301, 1073]
[19, 119]
[415, 539, 1470]
[300, 1621]
[166, 773]
[79, 786]
[1729]
[192, 1480]
[689, 1460]
[364, 404, 1826]
[24, 1328]
[124, 720]
[1924]
[1165]
[1194, 461]
[13, 131, 344, 442]
[]
[110, 1761]
[58, 453, 1980]
[65, 1328]
[464]
[]
[642, 1361, 1597]
[504, 811]
[]
[44, 476]
[1767]
[1726]
[]
[82, 150, 450, 1731]
[]
[10, 1611]
[22, 221, 1655]
[205, 942]
[]
[1192]
[4, 35, 1404]
[]
[1055]
[871]
[23, 175, 277, 588]
[]
[9, 11, 195, 388]
[9, 216, 781]
[63, 94, 518]
[511]
[1863]
[249]
[1714]
[254, 360, 625, 1445]
[185, 726]
[]
[]
[182, 1035]
[876]
[136, 1209]
[]
[]
[]
[1620, 137]
[78, 70, 234]
[]
[1848]
[102, 123, 216]
[393, 1201]
[1965]
[665]
[1845]
[]
[642]
[1843]
[85, 456, 1179]
[]
[362, 575]
[1444]
[10, 17, 361]
[13, 24, 426]
[]
[38, 450, 787]
[248]
[1946]
[730, 1152]
[5, 233, 521]
[868]
[1280, 1675]
[404, 1310]
[]
[23, 244]
[649]
[909]
[1703]
[1395, 22]
[551, 169, 0]
[]
[556, 1163]
[]
[1451]
[92, 439]
[555]
[30, 959]
[43, 521]
[94, 1414]
[315, 1571]
[25, 52, 273]
[22, 33, 314, 948]
[282, 679, 620]
[679]
[31, 367]
[170, 516]
[37, 223, 1476]
[1162]
[]
[1142, 1822]
[810, 1012]
[14]
[109, 1461]
[]
[922]
[855]
[379]
[1070, 970, 1118]
[1241]
[40]
[275, 353]
[165, 695]
[668]
[22, 24, 1652]
[]
[1260]
[13, 67, 210]
[405]
[4, 322]
[]
[637, 833]
[496]
[512, 1178]
[1668]
[257, 302]
[]
[]
[1561, 1655]
[390, 1274]
[98, 1046, 1920]
[940]
[]
[327, 1695]
[61, 221, 328, 1655]
[617]
[384, 1385]
[16, 86, 211, 1154]
[83, 272, 1772]
[14, 13, 30, 228]
[394, 793, 816]
[170, 413, 1272]
[1132]
[]
[436, 257]
[1067]
[1145]
[1500, 1851]
[1385]
[5, 1109]
[119, 162, 440, 1124]
[222]
[92]
[539]
[161, 1326]
[221]
[1469]
[217, 336]
[]
[24, 639, 651]
[1740, 1893]
[25, 308]
[4, 320]
[3, 5, 25, 52]
[74, 516, 746, 1666]
[1260]
[20, 192]
[616]
[1712]
[307, 1322]
[591, 1157, 1680]
[586]
[131]
[43, 1787, 630]
[124, 684]
[9, 236, 654, 1404]
[1984]
[19, 369, 1491]
[24, 1280, 1753]
[155, 308, 301, 924]
[]
[3, 9, 15, 917]
[]
[12, 98, 1726]
[815]
[175, 1521]
[353, 1442, 1827]
[268]
[33, 204, 846]
[33, 242, 683, 1162]
[994, 1027, 1381]
[807, 1831]
[124, 961, 649]
[545, 1683]
[1566]
[196, 1627]
[526]
[444, 1618]
[12, 105, 231]
[238, 307, 1531]
[105, 1032]
[15, 289, 1502]
[1145]
[]
[1604]
[9, 71, 189]
[75]
[56, 1470]
[60, 749]
[1309, 1354]
[1838]
[1459]
[783]
[495, 1476]
[10, 361]
[89]
[830]
[81, 123]
[46, 98, 877]
[1475]
[11, 16, 188, 176]
[1327]
[361]
[]
[]
[227, 1253, 1739]
[480]
[1400]
[818, 1450]
[]
[43, 177, 525]
[]
[30, 13, 1517]
[418, 1683]
[965]
[310, 801]
[]
[547]
[150]
[161, 602]
[165, 920, 1383]
[524]
[16, 52, 1257]
[21, 1363]
[13, 363, 1807]
[]
[]
[1717]
[102, 1000]
[354, 1639]
[25, 904]
[1716]
[77, 266, 1555]
[5, 898, 833]
[298]
[1117, 1378, 1850]
[762, 837]
[52, 924]
[171, 80, 420]
[1361]
[1044]
[57, 278, 687, 1457]
[952, 1696]
[1617]
[]
[373]
[25, 392, 1248]
[34, 43, 961]
[145]
[563]
[]
[]
[105, 470, 608, 863]
[1007]
[1523]
[670, 1847]
[22, 1881]
[]
[436]
[106, 1540]
[487]
[34, 37, 1340]
[]
[1358, 1982]
[1367]
[1, 695, 76]
[299]
[1284]
[12, 44, 421]
[67, 208, 1870]
[850]
[317]
[1128]
[423, 474]
[52, 291, 671, 1199]
[21, 26, 607]
[]
[16, 973]
[1223]
[13, 544, 1012]
[]
[1471]
[187, 1173]
[]
[1142, 1577]
[45]
[1117, 1875, 787]
[816, 1536]
[39, 448, 1725]
[209]
[251, 693]
[]
[1597]
[]
[]
[79, 1232]
[]
[1271]
[232, 1744]
[94, 1139]
[31, 711, 793]
[519, 1434]
[234]
[896, 61]
[1555]
[895]
[709]
[]
[1372, 118]
[]
[346]
[1199]
[]
[594, 813, 1765]
[1163]
[137, 249]
[1540]
[1437, 1508]
[12, 71, 266, 969]
[1797]
[1391, 1099]
[374, 1679, 645]
[542, 1883, 431]
[]
[1445]
[46, 1463]
[80]
[12, 23, 34, 70]
[217]
[71, 381]
[5, 321]
[759]
[16, 132, 1018]
[802]
[564]
[329]
[696, 1972]
[46]
[1568, 1737]
[97, 825, 256]
[1897]
[586]
[12, 145, 576, 1442]
[1004, 388]
[173, 980, 1845]
[640, 1276]
[44, 43, 124]
[1853, 679]
[287, 707]
[54, 995]
[]
[]
[463, 1091]
[16, 173, 591]
[1782, 1104]
[93, 308, 528]
[]
[1263]
[1019]
[1837]
[52, 427]
[9, 26, 578, 782]
[331, 1740]
[399, 484]
[206, 405]
[48]
[181, 310]
[11, 16, 84, 993]
[348, 626]
[10, 234]
[485]
[559]
[]
[1591]
[50, 128, 996]
[]
[95, 1186]
[738]
[164]
[58, 513, 1114]
[273, 548, 1283]
[43, 250, 1787]
[]
[5, 25, 389]
[10, 1669]
[14, 13, 1334]
[1686]
[41, 122, 1975]
[322, 1839]
[701, 1824]
[770]
[364]
[313, 1983]
[846]
[29, 177, 254, 47]
[55, 232]
[219]
[56, 832, 1039, 1629]
[113, 1201]
[69, 142, 460, 306]
[1576]
[307, 557]
[]
[394, 144, 1887]
[480, 1090]
[589]
[977]
[425, 1736]
[239, 611, 1161, 1918]
[701, 550]
[118, 1201]
[]
[]
[442]
[705]
[1211]
[]
[286, 1512, 1391]
[]
[74, 150]
[]
[45, 1374]
[1704]
[]
[152, 197, 1441]
[850]
[75, 229, 1105]
[244, 512, 830]
[816, 487]
[13, 910]
[1772]
[13, 979]
[69, 429, 1547]
[1968]
[253, 716]
[5, 799]
[369, 69, 761, 2]
[200, 1429]
[232, 766]
[]
[1256, 804]
[79, 389, 246]
[86, 591]
[1532]
[185, 371]
[115, 773, 1205]
[13, 882]
[60, 611, 340]
[171, 97, 806]
[685, 1010]
[174, 64, 1073]
[9, 308]
[1985]
[50, 1499]
[708, 981, 168, 1590]
[1137, 117]
[1139]
[43, 308, 1659]
[1830, 665]
[1552, 637]
[238, 623]
[150, 1320]
[255]
[22, 781]
[694, 1539]
[148]
[1427, 1713]
[45, 252]
[]
[1953]
[30, 1002]
[98, 838]
[360, 1554]
[844]
[33, 106, 509]
[1676]
[]
[1724]
[1608]
[1170]
[256, 64, 1191]
[1881]
[16, 408, 1033]
[]
[677, 980, 1064]
[31, 1547]
[139, 1355]
[158, 631]
[1057, 997]
[15, 44, 1114, 1550]
[365, 1093]
[105, 422, 1156]
[731, 1303]
[409, 631]
[459]
[1196]
[75, 257, 854]
[1025]
[]
[119, 1333, 1887]
[1903]
[440, 1072]
[52]
[168, 1130]
[40, 1375]
[841, 1040]
[187, 731]
[291]
[25, 36, 82]
[1640]
[]
[]
[16, 173, 1774]
[168, 678, 1552]
[]
[356]
[26, 101, 91]
[559, 593]
[30, 218, 1360]
[721, 1054]
[527, 139]
[]
[]
[608, 468]
[16, 52, 595, 330]
[155]
[35, 475, 395, 1169]
[1154]
[116]
[957]
[16, 84, 86, 830]
[1030]
[146]
[1037]
[14, 1159]
[114, 913, 1239]
[15, 21, 156]
[40, 249]
[91, 1524]
[630, 640]
[285]
[410, 482]
[4, 320]
[12, 9, 34]
[229]
[614, 1360]
[35, 165, 435]
[15, 62, 1625]
[439]
[5]
[109, 788]
[856]
[320, 1971]
[218, 263]
[1279]
[19, 100, 286, 779]
[14, 614]
[73, 319]
[102]
[43, 1208, 866]
[16, 400]
[250, 863, 1076]
[573]
[137, 832, 1975]
[]
[]
[339]
[39, 295, 1538]
[33, 1055]
[118, 338, 572, 1730]
[30, 1872]
[]
[9, 52, 343]
[451]
[1741, 1031]
[695, 1784]
[998]
[326]
[264]
[152, 192, 1593]
[1569]
[974, 1023]
[48, 1264]
[1015, 1963]
[5, 1092]
[38, 1576]
[665, 594]
[]
[1127]
[]
[22, 399]
[466]
[305, 1010]
[]
[1230]
[836, 409, 1433]
[1148, 1218]
[117, 1562]
[16, 1454]
[79, 346, 368, 1329]
[1634]
[]
[108, 727]
[32, 217, 336]
[657, 1814]
[]
[1287]
[308, 824, 1605]
[1024, 1946]
[521, 1412]
[]
[236]
[940]
[59]
[1513]
[21, 234, 945]
[1054]
[1268, 1650]
[22]
[578, 526]
[]
[1034]
[51, 46, 151, 334]
[1246]
[3, 5, 1533]
[647, 250]
[15]
[]
[43]
[13, 20, 299, 510]
[221]
[43, 349]
[14, 13]
[261]
[42, 320, 534]
[406, 883, 1061]
[41, 1063]
[32, 1795]
[197, 368, 950]
[1243]
[172, 1263]
[1823]
[577]
[168, 1425]
[36, 1079]
[79, 153, 1894]
[957]
[129]
[]
[1499]
[]
[122, 1073]
[10, 309]
[59, 78, 353, 741]
[43, 1104]
[80, 1749]
[992]
[131, 683]
[]
[35]
[55]
[121, 1182]
[]
[38, 461]
[857, 178]
[1037, 1995]
[128]
[]
[472, 623]
[129]
[]
[302]
[285, 645]
[297, 640, 981]
[148, 295]
[19, 779]
[232, 250, 41]
[17, 698, 547]
[636]
[856, 1120, 685]
[1095]
[9, 232, 782]
[739]
[94, 1756]
[703]
[117, 579, 321]
[381]
[196, 1242]
[11, 338, 1053]
[5, 11, 306]
[]
[503, 1307]
[838, 1591]
[]
[884]
[]
[24, 391, 1383]
[73, 131, 802]
[1790]
[224]
[630]
[618, 950]
[317, 467, 1785]
[75, 1069]
[1586, 1441]
[]
[75, 1154]
[]
[46, 1601]
[136]
[201]
[131, 849]
[342, 1942]
[468, 915]
[23, 42, 736, 845]
[17, 119, 1374]
[508, 828]
[50, 71, 494]
[690]
[22, 41, 292]
[]
[6, 1298, 1693]
[475]
[133, 1407]
[260, 747]
[212]
[11, 309]
[99, 105, 605, 1405]
[1538, 767]
[756]
[1981]
[83, 1042]
[110, 348]
[1026, 1818]
[849, 1915]
[249, 525, 826]
[645]
[1098]
[85, 976, 1880]
[713]
[77]
[235, 643]
[1628]
[1678, 1303]
[282]
[]
[473, 550]
[149, 1721]
[]
[598, 713]
[12, 23, 560]
[20, 42, 204, 965]
[456, 1067]
[725]
[179, 1583, 1778]
[383]
[1719]
[514]
[51, 102, 166, 334]
[106]
[]
[]
[803]
[194]
[]
[265]
[22, 24, 160, 461]
[359, 1559]
[32, 13]
[26, 58, 46]
[98, 1391]
[]
[14, 73, 121, 1251]
[1254]
[1449]
[88, 174, 1256]
[961, 1352]
[1317]
[175]
[]
[23, 124]
[5, 124, 273, 732]
[]
[853]
[28, 95, 1978]
[269, 739, 1494]
[]
[166, 595, 1205]
[392]
[310]
[32, 1835]
[121, 1390, 1905]
[]
[163, 1957]
[385]
[98, 765]
[1469, 1742]
[176]
[1707]
[492, 142, 104, 1543]
[168, 1542]
[216, 186, 120]
[786]
[59, 58, 199]
[58]
[10, 1297]
[133, 861]
[247]
[1413]
[34, 55]
[173, 1763]
[604]
[37, 1526]
[543]
[1160]
[]
[228, 508]
[566, 727]
[1964]
[68, 116]
[]
[634, 1600, 1783]
[314, 888]
[]
[]
[13, 30, 426]
[786, 976, 1824]
[1589]
[66, 712]
[13, 131, 1334]
[]
[622]
[]
[]
[191, 1090]
[47, 458]
[553, 555, 1428]
[1419]
[808, 1579]
[378, 526]
[476, 1050, 1448]
[303]
[404]
[1967]
[]
[680]
[161]
[278, 569, 1396]
[35]
[3, 613]
[101, 524]
[]
[349, 783]
[857, 1873]
[633]
[]
[10, 1431]
[1132, 1423, 251]
[43, 1657]
[115, 691, 1236]
[]
[1987]
[377, 1801]
[]
[292, 596, 1702]
[1988]
[30, 32, 74, 307]
[87, 739, 582]
[68, 238, 231, 1221]
[546, 212, 1266]
[]
[]
[119]
[427]
[61, 726, 1295]
[18, 36, 916]
[720]
[159, 411, 587]
[664]
[36, 758]
[247, 626, 172, 137]
[445]
[250]
[650]
[13, 882, 1269]
[253, 350, 736, 1091]
[]
[278, 784]
[]
[76, 1171]
[238, 469]
[217]
[1192, 1879]
[745]
[281]
[1356, 383, 727, 787]
[5, 84, 233]
[233]
[]
[336]
[43, 1659]
[94, 1160]
[877]
[]
[349]
[]
[1323]
[]
[13, 1251]
[1165]
[118, 834]
[162]
[1318]
[19, 80, 815]
[994]
[237, 1799]
[]
[21, 257, 289]
[1902]
[40, 1362]
[194, 607]
[]
[1739]
[16, 973, 1366, 1741]
[585, 607, 941, 1854]
[]
[59, 441, 646, 1651]
[88, 174, 351, 64]
[265, 884, 7, 1081]
[57, 1268]
[23, 610]
[464, 775, 1734, 1885]
[25, 260]
[477]
[42, 361, 392]
[282]
[381, 566]
[461, 1486]
[]
[404, 643]
[68]
[]
[]
[26, 220, 719]
[66, 323]
[79, 1796, 1529]
[112, 80, 930]
[19, 502, 935]
[129]
[11, 218, 309]
[1935]
[263]
[465, 1259]
[981]
[33, 157, 1976]
[1320]
[10, 290, 1102]
[1477]
[117, 769]
[5, 11, 255]
[42, 58, 1575]
[]
[74, 32, 841, 1574]
[631, 751]
[38, 672]
[]
[250, 455]
[75, 854]
[]
[417, 210]
[10, 164, 230, 1603]
[257, 1642]
[]
[]
[19, 39, 848, 1060]
[278]
[342, 1651]
[114, 219, 1177]
[270]
[113]
[219, 322, 307, 1001]
[33]
[569]
[41, 1610]
[47, 342, 1942]
[1057, 1292]
[104, 606, 1559]
[1867, 1479]
[29]
[14, 45]
[26, 45, 647, 1167]
[10, 62]
[]
[44, 161, 1322]
[83, 1674]
[1823]
[739]
[]
[147, 1067]
[]
[5, 36, 260, 1898]
[331, 1740]
[662, 1558]
[106, 244, 1109]
[320]
[176, 517]
[265]
[125, 748, 1806]
[179, 341]
[33, 163, 1297]
[319, 1435]
[142, 475, 1235]
[673]
[199, 938]
[25, 1579]
[14, 198, 908]
[]
[54]
[1063]
[10, 36, 1398, 1505]
[114, 1543]
[305]
[50, 223]
[5, 155, 1957]
[53]
[179, 949, 1016, 1554]
[179, 628]
[]
[]
[1466, 1731]
[]
[439, 1742]
[27, 188]
[98]
[13, 1012]
[260]
[835, 1117]
[9, 34, 595, 1514]
[182, 1617]
[1163, 1683]
[425, 1911]
[94]
[902]
[1660]
[168, 1542]
[174, 166]
[1191]
[25, 1403]
[1346]
[1909]
[1563]
[352, 1250]
[114]
[906]
[82, 593]
[217, 336, 1018, 1606]
[1277]
[]
[1676]
[1682]
[388]
[137, 510, 1533]
[555]
[30, 476, 1924]
[22, 38, 785, 1708]
[]
[]
[]
[154]
[16]
[560, 963]
[563, 897]
[92, 195]
[189, 1780]
[522]
[60, 220, 719]
[]
[501]
[813]
[52, 139, 1147, 1518]
[1073, 1552]
[179, 167]
[704]
[29, 123, 904]
[]
[272]
[46, 189]
[58, 293, 822]
[25, 1263]
[39]
[12, 55]
[1273]
[382, 1708]
[]
[4, 148, 1246]
[250]
[39, 243, 854]
[25, 36, 643, 1510]
[1797]
[1503]
[150, 983]
[]
[1648]
[48, 374, 1548]
[805, 1280]
[1359]
[]
[]
[123, 592]
[695, 1661]
[718]
[44, 364]
[243]
[30, 79, 614]
[128, 925]
[420, 1309]
[618, 863, 142]
[]
[23, 127, 297, 1994]
[5, 11, 56]
[]
[202, 1170]
[133]
[43, 476, 637, 922]
[173, 1644]
[144, 1439]
[526]
[871]
[1220]
[161]
[650, 1904, 1523]
[234, 945]
[768, 1947, 1323]
[]
[1866]
[845]
[161, 998, 1259]
[52, 200, 1476]
[188, 176]
[140, 557, 1231]
[20, 269]
[182, 1460]
[]
[5, 462, 1945]
[4, 46, 1259]
[324, 160]
[]
[564]
[5, 82, 1179]
[997]
[1235]
[56, 307, 1058]
[1549]
[]
[468]
[50, 132, 587, 1455]
[3, 196, 11, 16]
[]
[606, 782, 863]
[717, 1061]
[16, 1347]
[967]
[]
[1258]
[]
[150, 1555]
[287, 1274]
[40]
[548, 1020]
[828]
[4, 218]
[806, 1090]
[289]
[489]
[689, 1095, 1570]
[21, 101, 525]
[81, 712]
[]
[1101, 457]
[5, 84, 92]
[252, 251]
[271, 999]
[]
[14, 167, 489]
[51, 693]
[69, 758, 803]
[230, 933, 1453]
[]
[131, 319, 344]
[75, 854, 1743]
[]
[1200]
[75, 310, 1105]
[563, 1773]
[920]
[550, 1354]
[]
[767]
[1669]
[837, 1252]
[26, 151, 929]
[119, 1298]
[260, 1386]
[1381, 460]
[]
[451, 1505]
[110, 394]
[]
[22, 1077, 1655]
[10, 572, 1669]
[317, 977, 1394]
[195, 566, 593]
[]
[230, 165, 1194, 797]
[40]
[]
[1498]
[86, 388, 353]
[598]
[25, 280]
[1136]
[1362]
[80]
[410]
[14, 13, 281]
[261, 716, 1463]
[235]
[]
[17, 94, 791]
[848]
[372]
[148]
[1884]
[1075]
[]
[13]
[84, 85, 195]
[1026]
[130, 1187, 1106]
[73, 117]
[58, 769]
[307, 1043]
[66, 844, 1337]
[704, 806, 196]
[]
[26, 1114]
[180, 130]
[583, 275]
[521, 756, 1123]
[]
[520]
[48, 94, 518]
[172]
[1075]
[104, 1633]
[146, 1855]
[59, 938]
[253, 512]
[92, 551]
[79]
[12, 458]
[665]
[1005, 880]
[1124, 1166]
[257, 1916]
[607, 1984]
[317, 977, 1296]
[]
[127, 976]
[294, 645]
[242]
[1505]
[1123]
[266, 326, 675]
[948]
[]
[]
[]
[1213]
[]
[182]
[616]
[238, 642]
[629]
[296, 737]
[]
[112, 395, 1893]
[1520]
[493]
[69, 804]
[100, 589]
[363, 1058]
[55, 879]
[772]
[38]
[21, 58, 921, 617]
[767]
[47, 388]
[143, 209, 1194]
[169, 286, 1426]
[56, 244, 1148]
[]
[866, 876, 1592]
[1480]
[182]
[207]
[]
[]
[902, 1968]
[1240]
[171, 600]
[615]
[358]
[761, 634]
[]
[1906]
[229, 1687]
[]
[1769]
[1, 1452]
[487, 762]
[174, 306]
[386, 813]
[179]
[764]
[1346]
[19, 1920]
[425, 1095, 1736]
[1257]
[1493, 1220]
[]
[162, 981, 1593]
[922]
[1332]
[1673]
[124, 729]
[11, 755]
[1789]
[5, 25, 33, 1156]
[833]
[37, 1526]
[105, 108]
[1902, 1654]
[253, 342, 776]
[1480, 1759]
[381, 1288]
[20, 45, 1432]
[10, 117, 220, 1419]
[84, 421]
[736, 689, 1216]
[498]
[]
[52, 835]
[302]
[819]
[926]
[706, 1305]
[]
[413, 1409]
[688, 631]
[343]
[43, 1391]
[1542, 675]
[]
[16, 858]
[]
[254, 1815]
[68, 446]
[]
[]
[30, 586, 1517]
[284, 279]
[165, 413, 662]
[194]
[47]
[]
[1796]
[355, 407, 1892]
[11, 755]
[44, 231]
[37]
[133, 328, 1114]
[]
[]
[]
[55, 425]
[1312]
[1187]
[86, 830]
[1109]
[]
[]
[383, 1080]
[194, 1171]
[1440]
[299]
[220, 1138, 1766]
[]
[18, 32, 724]
[1191, 1590]
[12, 459]
[116, 1661]
[1821]
[32, 192, 1700]
[219]
[1925, 757]
[339]
[]
[1079]
[1703]
[16, 677, 1144]
[237, 642, 1215]
[33, 204]
[29, 241, 237, 1923]
[691, 1808]
[]
[]
[237, 45, 102]
[307, 1388]
[430, 259, 1586, 1060]
[160, 1917]
[120]
[988]
[13, 67, 1610]
[]
[]
[708]
[256]
[328, 953]
[5, 273, 1352]
[118, 542, 431]
[1952]
[640]
[30, 1807]
[62, 1377]
[749]
[]
[1332]
[70, 115]
[743]
[108, 1675]
[1506]
[1763]
[185]
[33, 1397]
[1041]
[147, 254, 805]
[]
[465, 1615]
[1138]
[75, 321, 1150]
[]
[938]
[]
[16, 32, 437]
[9, 46]
[352, 437, 32]
[115, 404, 1826]
[51, 36, 232, 1591]
[366]
[5, 153, 1283]
[591, 1246]
[790, 297]
[36, 469]
[194]
[20, 652, 708, 517]
[]
[1118]
[7, 705, 1957, 1619]
[]
[963]
[802, 947, 1910]
[440, 408]
[]
[12, 1853]
[1214]
[]
[611, 214]
[]
[]
[1684, 40]
[152, 209, 875, 1841]
[]
[232, 250]
[]
[]
[32, 123, 531]
[558, 1777]
[457, 1084, 1415]
[380]
[241, 290, 731]
[250, 1333]
[1351]
[]
[541]
[245, 400, 1322]
[1112]
[65, 439]
[507]
[]
[9, 25, 189, 595]
[271, 1328]
[385]
[583, 1422]
[]
[39, 520, 1136]
[1554]
[124]
[1747]
[352, 1211]
[63, 1699]
[60, 651]
[235, 231]
[1290]
[]
[51]
[]
[6, 20, 181]
[1798, 645, 1619]
[57, 272, 1949]
[574]
[179, 587, 879, 1228]
[]
[37, 1450]
[937]
[78, 1013]
[5, 608, 684]
[13, 14, 922]
[154, 1488]
[171, 627]
[1947]
[182, 1992]
[586, 910, 1870]
[74, 746, 1342]
[382, 1153]
[381]
[1600, 637]
[214, 1337]
[426, 1459]
[17, 596, 744]
[37, 1119]
[14, 1140]
[13, 319, 710]
[283, 525]
[317, 1486]
[435]
[246, 281, 710]
[50, 75]
[]
[1063]
[37, 280, 1376, 1548]
[11, 163, 330, 1515]
[158]
[371, 1851]
[246, 1284]
[1911]
[188, 473, 1739]
[301, 561, 1022]
[1005, 135, 1376]
[1718]
[701]
[33, 537, 1228]
[679, 1084, 1264, 1511]
[1373]
[62, 244, 314, 345]
[196, 195]
[115, 1826]
[335, 1545]
[278, 764, 727, 1071]
[212, 1363]
[63, 389, 1114]
[218, 237, 420, 1809]
[]
[195]
[271]
[12, 44]
[139, 1660]
[1364]
[793, 886]
[191, 212]
[214]
[439, 643]
[1782]
[]
[531, 1600, 1099]
[]
[1031]
[]
[1138]
[1073, 1070]
[1894]
[22, 38, 105, 948]
[]
[324, 807]
[1360]
[1017]
[37, 321]
[33, 1411, 991]
[27, 1051]
[1028, 1619]
[169, 512]
[858]
[734, 1686]
[189, 146, 1229, 526]
[15, 29, 59, 899]
[]
[986]
[1645, 594]
[21, 719]
[46, 458]
[58, 341, 1421]
[1527]
[628]
[1728]
[1393]
[67, 586]
[476, 1593]
[232, 603]
[279, 1248]
[118, 1260]
[1922]
[1300]
[71, 678]
[68, 412, 1006]
[]
[176]
[1238]
[44, 917]
[149, 1693]
[5, 25, 1133]
[]
[14, 13, 43, 73]
[998, 665, 1516]
[503, 295, 786, 1906]
[]
[645, 340]
[30, 1762]
[213, 332, 860]
[29, 136]
[1998]
[]
[12, 21, 26, 240]
[]
[1134]
[1410]
[511, 1899]
[382]
[59, 887]
[198, 478, 1961]
[]
[13, 319]
[]
[174, 1836]
[552, 1892]
[1736]
[9, 961, 1930]
[1303]
[1640]
[1063]
[405]
[42, 791, 628]
[620, 1824, 1634]
[20]
[]
[766]
[1616]
[128, 56, 1828]
[191, 1264]
[176, 203, 1558]
[1125, 1252]
[50, 75, 426, 1014]
[80, 265, 801]
[]
[223, 215, 1606]
[1962, 1747]
[267]
[76, 1281]
[1332]
[350, 736, 1341]
[388]
[175]
[939, 246]
[]
[89, 515]
[229, 1991, 665]
[3, 1556]
[1641]
[355, 974]
[27]
[23, 52, 175, 258]
[1591]
[12, 70, 277, 1459]
[1435]
[172]
[908]
[426]
[102, 123, 1922]
[]
[16, 195, 1071]
[1172]
[266]
[59]
[]
[48, 391]
[1809]
[]
[938]
[12, 115]
[392, 503, 1692]
[536, 635]
[132, 282, 1227, 447]
[624, 264]
[1692]
[298, 1960]
[663]
[789]
[29]
[703, 663, 144]
[3, 86]
[130, 604]
[52, 1641, 1388, 1338]
[14, 73, 1943]
[]
[1541]
[75, 290]
[152, 268, 1756]
[22, 280, 1986]
[1126]
[11, 116, 1053]
[146, 1229, 757]
[46, 440, 532]
[26, 480]
[278, 404]
[941]
[]
[21, 1111]
[232]
[33, 108, 1339, 1488]
[1194]
[139, 1418]
[12, 19, 243, 1007]
[1813]
[221]
[]
[37, 770, 1986]
[89, 117, 1324]
[51, 1651]
[4, 386]
[1934]
[747]
[228, 1828]
[1112]
[714]
[18, 25, 800]
[105, 253]
[]
[1130]
[1990]
[]
[1024]
[30]
[209, 909]
[1952]
[49]
[348]
[]
[1612]
[]
[4, 602, 1326]
[12, 211, 1221]
[182]
[179, 401]
[118, 483, 701]
[5, 163]
[825]
[460, 1544]
[282]
[3, 36, 641, 1038]
[128, 262]
[86, 399, 777]
[1095, 1718]
[1400]
[23, 610]
[43, 140, 1209]
[]
[710, 1760]
[246, 251]
[482, 172]
[1278, 1304]
[44, 1844]
[1004]
[]
[1691]
[687]
[42, 138, 685]
[39, 485, 48]
[981]
[1388]
[1731]
[]
[5]
[30, 190, 494]
[328, 1540]
[1945]
[]
[1101, 673]
[23, 1392, 1250]
[159, 1526]
[252, 369, 1084]
[92, 241, 934]
[14, 1928]
[398, 865, 692]
[]
[1094]
[10, 572]
[384]
[3, 467, 977]
[160]
[22, 38, 222]
[209, 1623]
[21, 1380]
[416, 1710]
[82, 151]
[99, 1199]
[173]
[96]
[98, 760, 1265]
[5, 11, 86, 177]
[1432]
[178, 556]
[1276]
[]
[]
[401]
[32, 149]
[14, 13, 1594]
[6, 20, 57, 801]
[742]
[316, 1597]
[1165]
[12, 15, 533]
[1618]
[13, 131, 415]
[286]
[837, 1416]
[951, 1483]
[283, 392]
[4, 71, 721]
[657]
[75, 229, 1150]
[153, 279]
[181]
[]
[1445]
[161]
[4, 26, 89]
[470, 846, 1581]
[132, 1095]
[16, 462]
[268, 1654]
[695, 970, 1006, 1950]
[20, 228, 1110]
[]
[41, 39]
[20, 405, 320]
[44, 276, 838]
[560, 875, 1294]
[29, 557, 846]
[]
[]
[1735, 1756]
[]
[499]
[]
[332]
[1229, 903]
[468, 1275]
[429, 1588]
[347, 1207]
[1328]
[858]
[10, 1669, 1186]
[769, 1658]
[]
[442, 489, 1002]
[16, 1506]
[]
[1936]
[34, 59]
[]
[]
[94]
[149, 326, 1963]
[324, 181, 1695]
[133, 941, 717]
[136, 155, 557]
[69, 171, 1655]
[253]
[127, 1190]
[]
[]
[]
[1137, 939, 55]
[5, 125]
[73, 947, 1342, 1733]
[186, 1689]
[136, 86, 656, 1861]
[898]
[92, 448, 195, 265]
[201, 1923]
[1374]
[1209]
[180, 890]
[12, 15, 532]
[]
[409, 1216]
[678]
[5, 11, 16, 671]
[236]
[872]
[73, 207, 544]
[316, 814, 407, 702]
[133, 603]
[970]
[1048, 1877]
[55, 693, 1566]
[80, 7]
[105, 1289]
[152, 1751, 40, 1650]
[]
[225]
[702, 1090]
[1299]
[246, 389, 1634]
[9, 170, 216, 1757]
[52, 173]
[348]
[898]
[38, 724]
[49, 1110]
[10, 346]
[]
[1341]
[1038]
[1406, 1276]
[]
[40, 655]
[412]
[40, 306]
[4, 1037]
[]
[1119]
[142, 257, 526]
[1740]
[24]
[15, 59, 199, 394]
[1081]
[1339, 1541, 1296]
[274]
[]
[1235]
[]
[412, 662]
[]
[250, 1702]
[299]
[]
[386, 419, 913]
[199, 646]
[309, 344, 1574, 1857]
[1, 1956]
[21, 78, 646]
[60]
[1313]
[]
[485, 584, 1238]
[20]
[942]
[302, 702]
[707]
[174, 1191, 1256, 1750]
[83, 314, 371, 796]
[221, 1077, 1379]
[666, 1023, 1983]
[10, 1125]
[647, 252]
[538]
[60]
[147, 78]
[282, 1122]
[43, 447]
[77, 391, 840]
[939]
[215, 200, 660, 1428]
[]
[263, 237]
[713]
[1530]
[26, 89]
[13, 73, 614]
[]
[1593]
[40, 152, 1268]
[555]
[]
[80]
[24, 113]
[1681]
[506, 824]
[689, 1868]
[259, 1889]
[11, 16, 227, 976]
[1637]
[355, 463, 1818]
[27, 1075]
[273, 1161]
[13, 586]
[884]
[20, 1110]
[]
[252, 712]
[]
[]
[]
[112, 1007]
[4, 1927]
[20, 261, 798]
[4, 1384]
[1565]
[35, 225, 419, 1906]
[1016]
[1373, 1343]
[810]
[]
[818]
[159, 1386]
[772, 621]
[11, 16, 1338]
[1838]
[5, 116, 201, 1361]
[24, 465, 1354]
[1008]
[450]
[79]
[106]
[]
[14, 13, 30, 67]
[261, 825, 1111]
[712]
[44, 633]
[]
[]
[40, 116, 1065]
[]
[729]
[40, 269]
[279, 1058]
[108, 204]
[463, 1715]
[480, 1193, 1292]
[545, 1683]
[11, 203, 777, 1499]
[]
[117, 329, 679]
[1143, 1620]
[49, 105, 652]
[47, 136, 1445]
[12, 969, 1446]
[350, 1462]
[726, 1856]
[31, 36, 1342, 1762]
[]
[50, 1717]
[79]
[326, 1015]
[93, 1107]
[29, 47, 154, 728]
[1449]
[31]
[]
[263, 1413]
[553, 1338]
[]
[1538]
[195]
[1425]
[1578]
[119, 1452, 1737]
[]
[1288]
[]
[629, 758]
[170, 1912]
[28, 1682]
[834]
[]
[]
[]
[568]
[1162, 1629]
[1618]
[1090]
[22, 445, 461]
[427, 512, 684]
[43, 161, 419, 1637]
[978]
[]
[15, 52, 200]
[123, 316, 439, 824]
[217, 791]
[22]
[4, 5, 124, 1846]
[140, 576]
[1717]
[]
[1009, 1215]
[344, 190, 1115]
[1234, 555]
[1050, 169]
[1923]
[878]
[726]
[403, 1059]
[20, 688, 798, 1788]
[1411, 1161]
[1357]
[]
[364, 1674]
[]
[471]
[36, 1533]
[]
[36, 210, 924]
[]
[2, 147, 418, 339]
[386]
[114]
[1489, 1626]
[549]
[]
[761]
[252, 257]
[9, 1936]
[1663]
[42, 1075]
[553]
[366, 1836]
[179]
[16, 227, 1557]
[36, 69, 743]
[118, 163, 1143]
[33, 167, 414]
[142]
[48, 678]
[30, 13, 571, 1517]
[721]
[11, 16, 258, 521]
[581]
[378, 1677]
[1576]
[23, 231, 277, 1445]
[]
[]
[]
[173, 1880]
[1908]
[877]
[250, 278, 672]
[137, 1253]
[452, 511]
[264, 1528]
[250, 476, 1702]
[51, 55, 105]
[919]
[23, 898]
[533]
[]
[897, 150]
[1805]
[]
[]
[1789]
[1200]
[]
[360, 1478, 830]
[695, 1464]
[1543]
[1944]
[13, 30, 609, 1357]
[1375, 1678]
[456, 1521]
[1678]
[270]
[284, 633, 657, 1700]
[14, 73, 715]
[1322]
[145]
[]
[1163, 984]
[43, 687, 349]
[151, 284, 743]
[4, 675, 1814]
[5, 245]
[16, 1302]
[207]
[37, 1896]
[1740]
[1973]
[]
[30]
[109, 726]
[75, 720]
[761]
[]
[]
[32, 41, 124]
[9, 656]
[660]
[139, 1443, 1508]
[7, 1374]
[118, 443, 1221]
[1864]
[68, 116, 165]
[66]
[11, 348]
[]
[]
[18, 156, 296, 1279]
[520]
[123, 186, 285]
[194, 890, 853]
[1267, 27]
[51]
[88, 555]
[5, 677, 789]
[102, 375, 403]
[]
[328, 667, 1607]
[1841]
[437]
[5, 16, 188, 999]
[]
[96]
[20, 336, 393, 1778]
[]
[44, 161]
[43, 1509]
[1022, 1635]
[59, 542, 1583]
[1607]
[]
[]
[264, 1437]
[5, 408, 1466]
[241]
[1852]
[69]
[13, 352, 1020]
[167, 828, 1573]
[]
[118, 257, 1642]
[]
[16, 84, 1687]
[243, 420, 577]
[1230]
[256]
[96, 773]
[267]
[5, 11, 56, 330]
[362, 165, 757]
[257]
[480]
[]
[321]
[42]
[664, 1707]
[382, 1378]
[106, 419]
[13, 810]
[30, 1532]
[412, 316, 1145]
[1802]
[370]
[10, 26, 62, 509]
[22, 1986]
[116, 238, 1968]
[147, 254]
[162, 1018]
[]
[26, 622, 1632]
[27, 793]
[217, 1391]
[32, 362, 981, 1593]
[84, 677, 1028]
[]
[1163]
[188]
[]
[]
[]
[1680]
[266, 468, 1869]
[253, 105, 915]
[348]
[71]
[690]
[108, 414]
[1894]
[11, 37, 462]
[140, 576, 797, 1665]
[]
[216, 375]
[699]
[264, 1224]
[]
[]
[]
[14, 489, 660, 882]
[1929]
[450, 1248]
[290]
[14, 208, 548]
[1678]
[438]
[380]
[]
[]
[127]
[16, 84, 989]
[]
[399]
[75, 854, 1743]
[39, 1920, 1696]
[236, 274, 1211]
[162, 217, 336, 1156]
[631]
[284]
[30, 1020]
[50, 823]
[1486]
[958]
[18, 152]
[1751]
[67, 128, 489]
[]
[157, 107, 608]
[]
[210, 842]
[26, 762]
[1263]
[3, 16, 1466]
[1273]
[663]
[12, 221, 1966]
[664]
[474, 1145]
[1236, 214]
[1470, 343]
[1367]
[465]
[219, 703]
[1282]
[906]
[689, 1603]
[11, 86, 233, 1470]
[580]
[118, 535]
[296, 781]
[345]
[]
[585, 1854]
[581, 1279]
[9, 339, 576]
[157]
[]
[1436]
[783, 1083]
[34, 1010]
[45, 1600]
[372, 1195, 266]
[734]
[41, 28, 282, 492]
[]
[932]
[1918]
[381, 1664]
[261, 1298]
[136, 737]
[154, 1300]
[11, 53, 1215]
[22, 38, 1861, 1847]
[]
[]
[851]
[649]
[1998]
[6, 457]
[75, 1417]
[817]
[779]
[]
[1976]
[1246]
[1391]
[]
[42, 341, 606]
[614]
[1523]
[1655, 1878]
[]
[1695]
[145, 1993]
[1858, 1865]
[345, 961]
[905]
[823]
[251]
[825]
[590, 554]
[872]
[386]
[55, 693]
[833]
[]
[220]
[23, 24, 364]
[84, 255]
[]
[846, 1605]
[1073]
[277, 1370]
[5, 1536]
[51, 78, 1000]
[23, 124, 558, 895]
[308, 1208]
[342]
[27, 110, 71, 238]
[1724]
[151, 55]
[]
[323, 1396]
[80, 144, 1077]
[1819, 1377]
[12, 9]
[17, 571]
[140, 899]
[]
[270, 40]
[843]
[240, 407, 1414]
[]
[698]
[12, 493]
[539]
[57, 1967]
[]
[1616]
[771]
[1989]
[1393]
[11, 16, 32, 1085]
[1435]
[13, 979]
[]
[1635]
[74, 228, 503, 1159]
[1516, 1371]
[44, 447]
[715, 882, 1995]
[187]
[27, 53, 834]
[315, 313, 666]
[228, 1856]
[1795]
[1306, 276]
[50, 75, 459]
[1138]
[]
[27, 265, 1202]
[27, 42, 534]
[12, 1062]
[555, 1372, 172]
[102]
[13, 548]
[1657]
[]
[]
[1914]
[14, 74, 73]
[91, 1315]
[]
[]
[126]
[184, 69, 1975]
[1446, 888]
[127, 1109]
[1946]
[194]
[406]
[184, 1052]
[]
[24, 182, 1713]
[]
[44, 43, 235, 578]
[153, 528, 601]
[21, 152, 607]
[773]
[75, 670, 1014, 1771]
[82, 198, 599]
[]
[12, 23, 558]
[418, 752, 764]
[814]
[189]
[1282]
[97, 525, 1966]
[]
[]
[26, 1055]
[53, 1794]
[985, 1250, 1802]
[133, 866, 1659]
[1036]
[27, 534, 565]
[5, 84, 683, 670]
[]
[]
[151, 238, 904]
[756]
[690]
[]
[1344]
[12, 51, 36]
[698]
[]
[108, 193]
[]
[831]
[4, 24]
[]
[59, 244, 1472]
[]
[429]
[]
[]
[92, 1581, 1716]
[26, 719, 1473]
[]
[12, 136, 1537, 1726]
[1929]
[14, 37, 847]
[1068, 1951]
[621]
[313, 557]
[69, 1270, 53]
[1190]
[15, 21]
[5, 1078]
[1043]
[53, 1165]
[716]
[176]
[545, 751, 1789]
[194]
[99, 83]
[83]
[5, 36, 506]
[578, 1252, 1478]
[152]
[567, 1414]
[459, 658, 115]
[]
[135, 1892]
[1318]
[27, 152]
[995]
[39, 485]
[249, 1766]
[77, 1095]
[175, 261, 440]
[1627, 311, 679]
[122, 325]
[4, 706, 1459, 1534]
[391, 1786]
[99, 1127]
[1926]
[]
[411]
[227]
[363]
[1720, 1808]
[689, 823]
[]
[445, 328, 1672]
[1450]
[118, 701, 1507]
[862]
[139, 593]
[1701]
[139]
[1431]
[287]
[]
[18, 1862]
[1222]
[653]
[]
[1481]
[734]
[1390]
[381, 1320]
[1530]
[550]
[33, 1385]
[274]
[222, 573]
[1367]
[25, 728, 1489]
[454]
[19, 598]
[38, 220]
[256, 1191]
[1462]
[167, 1869]
[994, 1542]
[1481]
[]
[45, 810]
[]
[9, 145, 254, 1757]
[19, 119]
[889]
[]
[161, 235]
[1149]
[225, 258, 810, 1039]
[377]
[704]
[9, 532]
[25, 156]
[1096, 607]
[]
[50, 227, 244]
[118, 431]
[349, 1197]
[297, 782]
[435]
[105, 345, 339, 1622]
[1]
[694, 757]
[1234]
[1399, 1101]
[]
[1945]
[183]
[158, 460]
[1156]
[799]
[67, 849, 1870]
[1424]
[25]
[]
[379]
[105, 157, 571, 846]
[]
[1542]
[]
[842]
[33, 414, 1216, 1497]
[305, 1389]
[285]
[35, 501, 962]
[25, 157, 879]
[164, 784]
[362, 1023]
[]
[622]
[]
[97, 1849]
[71, 1635]
[21, 651, 224]
[711]
[26, 76, 970]
[1817]
[210, 1510]
[498, 808]
[332]
[893, 1500]
[105, 211, 573, 1154]
[]
[820, 1247]
[1138]
[228, 631, 468, 1110]
[22, 222]
[35, 1420]
[933, 696, 1383, 1784]
[59, 646]
[14, 208, 383, 757]
[332, 1891]
[1893]
[1889]
[137, 198, 391]
[352, 1100, 1308]
[306]
[42, 83, 1494]
[556]
[]
[455]
[1264]
[198, 599, 416, 478]
[1402, 1447]
[14, 73, 1995]
[50, 1686]
[14, 820, 1763]
[605, 1665]
[111, 292, 1462]
[159, 1986]
[1418]
[]
[14, 13, 211]
[47, 887]
[630, 589]
[164, 552]
[237, 1820]
[835, 1386, 1875]
[525, 1252, 244]
[142, 201, 1531]
[592]
[40, 1573]
[]
[319, 1840]
[228]
[54, 254]
[578]
[]
[]
[649, 1903]
[1859]
[95]
[13, 1594]
[192, 1587]
[1470]
[1630]
[1306, 276]
[311]
[223, 200, 895, 1429]
[1776]
[69, 88]
[5, 25, 1031]
[839]
[1885]
[300, 800]
[]
[937]
[56, 1477, 1696]
[1273]
[]
[500]
[234, 637]
[]
[]
[]
[346, 1329]
[19, 1539]
[12, 19, 1463]
[16, 401]
[12, 350]
[721, 1054]
[]
[1718, 884]
[1190]
[176, 1742]
[839]
[212, 626, 714]
[1016]
[]
[1190]
[1967, 1657, 1413]
[]
[345, 845]
[]
[156, 1101]
[4, 170, 435, 1239]
[917, 1394]
[16, 353, 973]
[619]
[]
[573]
[27, 42, 663, 1216]
[594]
[38]
[100, 748]
[139, 1418]
[624, 911, 973]
[695]
[1119]
[119, 413, 875]
[]
[1705]
[181, 1040]
[104, 836]
[14, 336, 387, 833]
[13, 489, 895]
[4, 35, 110]
[]
[1143, 1741]
[33, 1044]
[551]
[21, 91, 58]
[706]
[109, 806]
[]
[13, 1870]
[13, 67, 1185]
[1406]
[194, 696]
[241, 1364]
[842]
[717, 1959]
[]
[498, 855]
[]
[16]
[794]
[306]
[276, 243, 1699]
[155]
[130, 1142, 1273]
[45, 1238, 1198]
[1811]
[37, 123, 413]
[792]
[181, 224]
[10, 168, 932]
[168, 1177]
[1265, 781, 1750]
[1869]
[]
[321, 683]
[]
[1615]
[251, 1566]
[359, 1143]
[1706]
[6, 19, 1007]
[]
[748]
[930, 1542]
[18, 25]
[19, 1017]
[1562, 1162]
[77, 117, 266, 685]
[1330]
[131, 344, 931]
[1639, 748]
[214]
[1147]
[1349]
[90, 570]
[175, 467, 1105]
[]
[]
[502, 975]
[105, 508]
[]
[59]
[481]
[212]
[669]
[427]
[]
[1833, 1808, 1720]
[90]
[846]
[9, 145, 177, 1993]
[10, 540]
[71, 383, 282]
[13, 260, 200, 835]
[]
[441, 1273]
[12, 44, 396]
[902]
[]
[835, 1386, 1133, 1117]
[1097]
[424, 518]
[102, 216]
[]
[36]
[201, 1738, 1482]
[268]
[22, 38, 461]
[1746]
[128, 114, 959]
[1978]
[]
[113, 542]
[14]
[1848]
[1379]
[10, 156, 1291]
[857]
[232, 766]
[755, 1633]
[159]
[96]
[377]
[1958]
[]
[472, 1413, 809]
[554, 841, 1585, 1972]
[22, 40, 685, 1325]
[108, 204, 570]
[989]
[275]
[142, 612, 987]
[5, 11, 86, 1626]
[1709]
[203]
[305]
[242]
[1784]
[562]
[14, 415]
[219, 962]
[137, 172]
[1671]
[442, 1519]
[]
[411, 1209]
[145, 1426]
[5, 683]
[1736, 268, 149]
[84, 1606, 1769]
[1335, 757]
[184, 1552]
[184, 1487, 1399]
[]
[713]
[149]
[]
[1775]
[44, 124]
[177, 544, 1159, 1841]
[59, 1985]
[84]
[452]
[912]
[131, 1269]
[13, 73, 959]
[285, 294]
[44, 124]
[113, 345, 1208, 1770]
[42, 1554]
[911]
[252, 144]
[37, 159, 1526]
[369, 1474, 1341]
[190, 661]
[381, 1664]
[320, 491]
[1382, 1670]
[136, 1861]
[19, 440, 594, 510]
[]
[137, 212, 1215, 1990]
[324]
[523]
[]
[212]
[75, 662, 1178]
[560, 1028]
[152, 265, 1461]
[1821, 1341]
[1647]
[]
[25, 137, 608]
[29, 58]
[136, 1661]
[4, 463]
[33, 525, 991]
[688]
[1647]
[131, 228, 344]
[865, 1393]
[124, 558, 674]
[23, 1912]
[]
[319, 415]
[26, 933]
[208, 1106]
[41, 1327, 1474]
[330]
[]
[583]
[2]
[284, 1772]
[482, 296, 1093]
[1103]
[13, 190, 539, 910]
[1380]
[5, 37, 413, 1419]
[708]
[]
[67, 910]
[13, 539, 1357]
[610, 683, 895]
[]
[258, 529]
[173, 207, 1308]
[826]
[187, 290, 731]
[131, 411, 1857]
[1994]
[160]
[2, 102, 180]
[774, 32]
[]
[1695]
[73, 820]
[129, 1477]
[]
[83, 161, 235, 643]
[223, 273, 684, 978]
[]
[35, 1031, 600]
[439]
[15, 249]
[176, 123, 1689]
[273, 1117]
[225]
[172]
[38, 445, 1180]
[79]
[859]
[173, 1506]
[293, 1698]
[1557]
[423, 890, 986]
[219]
[1390]
[]
[84, 229, 1031, 1687]
[393, 857]
[23, 790]
[5, 1926]
[219, 703]
[1209]
[]
[11, 45, 808]
[]
[220, 330, 720]
[857]
[1412, 1939]
[3, 9, 1899]
[12, 59, 542]
[112, 1327]
[279, 577]
[]
[26]
[243]
[443, 535, 915]
[5, 11, 56, 110]
[480, 724]
[137, 1248]
[219]
[554]
[]
[871, 1322]
[84, 85, 124, 1774]
[]
[920]
[777]
[699]
[770, 1205]
[252, 1087]
[150]
[36, 600]
[1675]
[517]
[111, 469, 1688]
[436]
[12, 253, 542]
[799]
[25, 608]
[86, 558]
[1432]
[5, 215, 549]
[16, 173, 245, 1257]
[100, 1795]
[204, 1156, 1828]
[1963, 1555]
[102, 463, 697, 120]
[499, 1895]
[433, 833]
[295, 79, 1816]
[321, 1210]
[]
[]
[1025]
[456]
[]
[1682]
[441, 451]
[6, 7, 24, 639]
[1343, 623]
[577, 1894]
[1747, 1895]
[]
[543, 503, 1246]
[1066]
[]
[398, 1534]
[301, 955]
[1479]
[66, 844]
[1167]
[418, 1794]
[635, 995]
[323, 1641]
[230, 249]
[956, 1299]
[19, 806, 1597]
[13, 67, 131, 442]
[22, 38, 948]
[193, 991]
[90, 1374, 1764]
[619, 1530]
[447, 728, 1144]
[681, 1387]
[102, 340]
[196, 1052, 727]
[100]
[705]
[118]
[85, 670]
[9, 46, 651]
[543]
[1565, 1479]
[912]
[330, 863, 1875]
[321, 458]
[400]
[]
[803, 1198]
[1304]
[522]
[272, 197]
[46, 570]
[813]
[1451]
[451]
[1008, 1586]
[173]
[306, 1031]
[137, 1431]
[1116, 1294]
[]
[105, 339, 368, 509]
[41, 122]
[37, 115]
[1390, 1644, 1551]
[128, 1940]
[543, 279, 673]
[289, 853]
[]
[503, 783]
[162, 440, 521]
[]
[488, 1163]
[10, 116, 170, 515]
[196, 566, 891]
[537, 1693]
[258, 420, 1929]
[25, 811]
[410, 96, 1093]
[43, 90, 636]
[12, 44, 1227]
[546, 1266]
[52, 1482]
[1459]
[186, 906]
[23, 127]
[16, 227, 1579]
[]
[382, 1153]
[921, 1197]
[364]
[]
[859]
[510, 837, 1454]
[839]
[10, 69, 1135]
[20, 30]
[58, 540]
[]
[647]
[]
[24, 232]
[37, 1340]
[1320, 1200]
[1246]
[796]
[379]
[13, 1251]
[1735, 1756]
[107]
[1349]
[55, 331, 995, 1824]
[288]
[866]
[354, 479]
[1721]
[337, 1734]
[178]
[]
[229]
[1166]
[69, 893, 168]
[384]
[]
[1633]
[]
[1562]
[1091]
[1830]
[352, 426, 1626]
[80, 94, 895, 1198]
[5, 52, 173, 684]
[350]
[66, 844, 439]
[1926, 1660]
[60, 225]
[]
[10, 1473]
[24, 58, 1853]
[185]
[1351, 348]
[44, 55, 1330]
[1080, 1932]
[996]
[11, 27, 188]
[792, 1497]
[1335]
[1661]
[495]
[5, 912]
[]
[45, 129, 1449]
[30, 225, 426]
[227, 1056, 1482]
[33, 1742]
[1212]
[132, 756]
[155, 296]
[1512, 1100]
[364]
[]
[948]
[219, 307, 386, 683]
[9, 55, 211]
[1038]
[16, 242]
[76, 230, 623]
[121, 181, 1390]
[1911, 1964]
[1193, 1542, 1292]
[75, 854, 786, 1743]
[672, 431]
[55, 121, 983]
[861]
[109, 325, 410, 1224]
[]
[56, 950]
[855]
[118]
[]
[24, 132, 58]
[211, 470, 1029]
[56, 265, 498, 1731]
[129, 1477]
[121]
[1679]
[57, 239, 807]
[52]
[]
[]
[]
[24, 639]
[1643]
[393, 751, 568, 1467]
[1578]
[16, 1064]
[204, 1309]
[597]
[187]
[42, 279, 1511]
[1819]
[42, 1411]
[1216]
[943]
[133, 717, 861, 1617]
[1240]
[169]
[38, 56, 1028]
[150]
[501, 1169]
[24, 182]
[1154]
[139, 612, 1792]
[10, 1796]
[15]
[9, 29, 45]
[50, 137]
[141]
[1619]
[]
[585]
[159, 1941]
[57]
[1521, 1642]
[111, 460, 1702]
[1152]
[37, 1610]
[25, 47, 343]
[958, 488]
[1156]
[1827]
[146, 903]
[841, 918]
[1065]
[44, 558, 878]
[5, 273, 792, 1347]
[881]
[421, 1823]
[78, 342, 1178]
[]
[103, 230]
[]
[]
[333, 626]
[1961, 1686]
[263, 237]
[13, 139]
[116, 165]
[114]
[63, 414]
[12, 51, 536]
[1338]
[]
[216, 686]
[156]
[159]
[1862, 22, 1077, 1561]
[290, 1978]
[657]
[136, 116, 278, 902]
[4, 89, 503]
[1537]
[439]
[190, 1159]
[13, 14, 30, 131]
[36]
[1275]
[]
[475, 317, 467]
[146, 378]
[167]
[67, 753]
[1147]
[44, 108, 401, 1148]
[]
[]
[73, 307]
[576, 1209]
[31, 367]
[22, 27, 82, 225]
[12, 211, 949]
[648]
[495]
[]
[95, 369]
[12, 115, 139, 560]
[1950]
[30, 139, 619]
[1369]
[71, 1982]
[16, 227, 701]
[694, 527]
[5, 29]
[67, 1610]
[14, 652]
[]
[365, 804, 744, 1459]
[1225]
[10, 36]
[1983]
[181, 224, 1129]
[839]
[]
[]
[14, 362]
[229]
[1173]
[394]
[263]
[13, 819]
[]
[337]
[430, 1662]
[1984]
[]
[9, 158, 1317, 1825]
[]
[]
[16, 223]
[]
[239]
[90]
[1993, 1923]
[119, 192, 1593]
[592]
[]
[30, 73, 344]
[1061]
[129, 1528]
[385, 733]
[282, 1498]
[]
[266, 727]
[67, 619, 1530]
[270, 1369]
[918]
[353]
[1938]
[1021, 55]
[4, 11, 555]
[1830]
[]
[31, 1589]
[159]
[1614]
[11, 227, 660]
[610, 529]
[108]
[108, 310]
[952, 789, 1899]
[1386, 1117]
[984]
[308, 1607]
[]
[]
[]
[225, 348, 487]
[240, 594]
[294]
[1457]
[140, 293, 1273]
[154, 1188]
[13, 37, 210, 413]
[193, 341, 950]
[19, 44, 1668]
[1649]
[1302]
[52, 200, 1283, 1429]
[662]
[350, 880]
[]
[65, 111, 292, 439]
[794, 1116]
[227]
[1625]
[416, 765]
[463, 1805]
[22, 38]
[43, 866, 1787]
[]
[1008]
[343, 1308]
[659]
[]
[1988]
[1339, 1382, 1296]
[]
[]
[22, 1024, 1561]
[42, 886, 879]
[1487]
[]
[1224]
[418]
[84, 1692]
[230, 1453]
[9, 684, 1188, 1698]
[1603]
[201]
[57, 1515]
[297, 832]
[1078]
[143, 760]
[750]
[26]
[]
[37, 469]
[1602]
[287]
[23, 277]
[836]
[14, 139]
[165, 412, 1950]
[521, 593]
[1215]
[346, 888]
[1320]
[198, 367, 1433]
[137, 449]
[654, 494, 817]
[161, 878]
[14, 36, 797, 1900]
[1004]
[37, 159, 1896]
[1124]
[1369]
[135, 914, 933]
[241, 1923]
[]
[50, 1150]
[105, 1452]
[4, 175, 148]
[11, 930]
[]
[184, 738, 276, 1226]
[2, 168, 184, 1132]
[1449]
[]
[79, 1415]
[290, 777]
[96, 111, 41, 667]
[4, 543]
[724, 1561]
[54, 127]
[]
[399, 459, 1978]
[]
[1767]
[1849]
[839, 26, 56]
[835, 1386]
[665, 1831]
[1275]
[1193]
[293, 353]
[]
[]
[]
[160, 1610]
[1169]
[250, 1819]
[107, 236]
[7, 285]
[203, 1613]
[640, 708, 1804]
[29, 34, 47, 1218]
[1078, 1785]
[21, 618, 1097]
[310]
[75, 1014, 1150]
[19, 21, 205, 806]
[80, 128, 197, 1750]
[684, 1071]
[89, 220, 701]
[5, 1018, 1133]
[1177]
[]
[263]
[881, 1431]
[827]
[537]
[]
[35, 475, 1673]
[117]
[1749, 139]
[358, 1903]
[1718]
[1222]
[352, 1463]
[]
[162]
[757]
[1699]
[97]
[474]
[84]
[1174]
[901, 1607]
[326]
[94, 631, 1535]
[133, 1407]
[24, 1731]
[5, 11, 163, 306]
[7, 35]
[110, 1761]
[]
[210]
[896]
[1717]
[1412, 1320]
[172, 1372]
[159, 1340]
[]
[75, 600, 1014]
[84, 85, 1103]
[1803]
[84, 92]
[26, 34, 78, 309]
[166, 316, 503, 200]
[1122, 1443, 584]
[1719]
[35, 662, 100]
[999]
[147, 431, 875]
[322, 619, 1530]
[]
[193, 1875]
[93, 1107]
[85, 92, 597]
[185]
[452]
[]
[]
[]
[716]
[]
[1430]
[817]
[24, 62, 1021]
[12, 509]
[527, 1810]
[]
[227, 799]
[253, 105, 1622]
[468, 508, 863]
[]
[22, 38, 564]
[60]
[45, 123, 1943]
[]
[683, 1141]
[70, 115, 610]
[380]
[151, 284, 306]
[1195, 1555]
[882, 1915]
[]
[243, 165, 1105]
[1066]
[679]
[1380]
[1936]
[98]
[233, 1103]
[47, 140, 576]
[247, 356]
[148, 543, 1501]
[180]
[84, 195, 671, 1252]
[578]
[1673]
[9, 102, 334, 1757]
[986]
[25, 36, 1133, 1431]
[457]
[1242]
[108]
[51, 36, 334]
[1272, 1558]
[32, 892, 1636]
[253, 470]
[5, 1352]
[12, 100]
[118]
[]
[227]
[347]
[]
[870]
[345]
[1131]
[148, 783]
[1468]
[]
[1789]
[728]
[21, 101, 45, 171]
[159, 419]
[80, 460, 1512]
[1659]
[567, 1100]
[1086]
[]
[1249]
[1290, 1099, 1727]
[1235]
[1670]
[1127]
[24, 820]
[1009, 49]
[17, 1868]
[352]
[552, 1410]
[433, 713, 1932]
[460, 1512]
[281, 1928]
[]
[38, 461]
[]
[1951]
[]
[22, 38, 724]
[935]
[436, 1224]
[142, 603, 954]
[503]
[113, 264]
[88, 1073]
[5, 84, 677, 632]
[1118]
[12, 23, 243]
[158, 290]
[1842]
[48, 94, 109]
[]
[659]
[550, 912]
[42, 113, 417]
[78, 532]
[233, 1286]
[]
[]
[56, 157, 1716]
[23, 124]
[586, 494, 1813]
[41, 296]
[19, 1290]
[68, 76, 378, 1531]
[1573, 454]
[564]
[689, 1095, 1143]
[]
[]
[]
[59, 1389, 1583]
[37, 159, 1526]
[5, 52, 427]
[190, 1435, 1928]
[980]
[401]
[304]
[]
[135, 1678]
[]
[152]
[135, 261]
[9, 375, 246, 637]
[225, 221]
[180, 1701]
[1381]
[98, 467]
[11, 1289]
[496, 1104, 1527]
[123, 847, 301]
[139, 1162]
[22, 38, 328, 435]
[29, 46, 52, 353]
[1916]
[673, 1562]
[86]
[1697]
[1674]
[331, 995]
[386, 1605]
[243, 1032, 1776]
[1899]
[26, 76, 813]
[40, 57, 1873]
[540, 469, 1018]
[542]
[1706]
[228, 1828]
[1599]
[47, 275, 1974]
[602]
[]
[33, 468, 1587]
[1018]
[393, 1778]
[540]
[852, 1303]
[589, 1679]
[982]
[]
[629, 755, 1507]
[46, 1872]
[152, 956]
[295]
[1874]
[785]
[688]
[316, 596, 613]
[354, 479]
[414]
[59]
[]
[1015]
[402, 1617]
[]
[]
[64, 772]
[78, 342, 741, 1761]
[4, 465, 1355]
[714]
[411]
[218, 348]
[27, 152, 1075]
[247]
[44]
[120, 1779]
[1538]
[5, 449]
[1530]
[146, 954]
[975]
[43, 349, 588]
[22, 1561]
[977, 1325]
[]
[16, 462]
[]
[19, 915]
[225, 487]
[33, 204]
[548]
[60, 481, 762, 696]
[12, 59]
[623]
[272, 820, 1129]
[861]
[108, 197, 1245]
[884]
[]
[146, 1677, 1855]
[1720]
[205]
[810]
[]
[38, 1024]
[316, 640]
[398]
[1409]
[282]
[94, 534, 424, 518]
[565, 871]
[1471]
[21, 1111, 284, 495]
[1351, 177]
[69, 302, 420]
[27, 366]
[1665, 1936]
[1923]
[317, 977]
[360, 1772]
[60, 423]
[85, 437]
[1154]
[9, 145, 1993]
[109, 424]
[41, 340, 1249]
[50, 389]
[1746]
[]
[]
[]
[1436]
[]
[1748]
[50, 128]
[1578]
[205, 1447]
[917]
[217, 652]
[1581]
[956, 1529]
[9, 1317]
[514]
[101, 1186]
[93, 1048]
[12, 425, 1911]
[289]
[]
[395, 432]
[11, 16, 50, 1634]
[4, 1104]
[34, 105, 470]
[89, 1663]
[797, 1515, 1746]
[1399]
[]
[433]
[47, 952]
[189, 221]
[217, 913]
[868, 757, 856]
[]
[]
[]
[1394]
[11, 368]
[232]
[76]
[]
[10, 62]
[9, 84]
[3, 5, 130, 830]
[347]
[2, 466, 477, 1447]
[21, 274]
[54, 28, 894]
[193, 856]
[120]
[313]
[1121]
[1948]
[295, 586]
[40, 232, 1744]
[103, 1961]
[1406, 599]
[922]
[7, 57, 321]
[771, 877, 1726]
[35, 142]
[75, 529]
[366]
[1012]
[44, 1539]
[]
[602]
[10, 515]
[797, 1827]
[580]
[]
[37, 1526]
[144, 706, 1368]
[144, 1907]
[994, 1668]
[264, 1022]
[587, 566, 891]
[265, 164]
[547, 1805]
[24, 59]
[94, 164, 1648]
[132, 339, 1032]
[12, 1583]
[1217]
[477]
[80, 265, 558, 168]
[1725]
[1816]
[105, 108, 339, 345]
[469]
[573]
[414, 519, 1434]
[100, 586]
[14, 13]
[14, 73, 114, 947]
[162]
[5, 108, 329, 1716]
[111, 1426]
[153, 1483]
[24, 1780]
[186, 477]
[]
[541]
[323]
[]
[894]
[1024]
[81, 76, 323]
[115]
[254, 405, 625, 1280]
[]
[1253]
[23, 231, 277]
[62, 152, 1419]
[105, 535]
[269]
[1179]
[29, 132, 447]
[835, 1386]
[5, 273]
[1187, 77]
[1916]
[]
[]
[931]
[31, 43, 145]
[]
[]
[51, 87, 251, 1468]
[1835, 874]
[]
[]
[4, 24, 465]
[123, 985]
[625]
[1307]
[264, 584, 469, 1316]
[]
[5, 36]
[27, 42, 402, 534]
[147]
[325, 410, 551]
[47, 755]
[583]
[731]
[116]
[977, 1726]
[14, 13, 36, 615]
[43, 866]
[569, 757]
[1040]
[27, 490, 1978]
[188, 1846]
[1237]
[14, 1755]
[1469, 1207, 1932]
[827, 689]
[844, 1383, 1860]
[]
[978]
[]
[219]
[43, 1568]
[1157]
[306]
[778]
[42, 154, 1753]
[142, 114, 1239]
[60]
[1099]
[43, 308]
[23, 297, 359]
[466, 1660, 490]
[124, 1142, 757]
[]
[1418]
[1472]
[]
[113, 1956]
[54, 560]
[254, 805, 428, 1457]
[1024, 1379]
[17, 1349]
[512]
[323, 364]
[758]
[166]
[]
[1054]
[84, 453]
[618]
[143, 254, 890, 249]
[1945]
[1447, 1186]
[1099, 1919]
[661, 1525]
[84, 1144, 993]
[]
[1129]
[]
[]
[607]
[4, 11, 113, 163]
[]
[50, 440]
[68, 76, 623, 836]
[156]
[913, 880]
[345, 931, 1072]
[374, 1050]
[1728]
[]
[1090, 338]
[]
[14, 319, 539]
[16, 980]
[]
[346, 1329]
[83, 582, 1884]
[]
[593, 1340]
[]
[]
[1196]
[]
[]
[314, 700]
[13, 30, 619]
[100, 1808]
[624, 1964]
[1255]
[311, 286]
[4, 602]
[9, 1993]
[392, 484]
[]
[]
[675, 1337]
[5, 25, 155, 1466]
[843]
[1016]
[]
[68, 142]
[717, 40]
[964]
[109]
[]
[46, 154, 334]
[16, 85, 52, 1366]
[62, 1571, 1125]
[]
[20]
[82, 306, 1513, 151]
[23, 118, 483]
[]
[1359]
[35, 1145]
[13, 67, 619]
[12, 44, 1227]
[812, 1076]
[30, 50, 413, 1511]
[]
[16, 173, 1042]
[322, 455, 1427]
[1645, 1859, 545]
[11, 113, 1998]
[22, 458, 321]
[]
[152, 1695]
[1367, 1226]
[142, 201, 667]
[96, 382]
[1740]
[251, 693]
[]
[113, 188]
[1683]
[662]
[376]
[1203]
[]
[]
[1760]
[16]
[]
[4, 503, 1072]
[353]
[580]
[1355]
[84, 1454]
[]
[811]
[1703]
[504, 789]
[413]
[9, 525, 528]
[204, 409, 606]
[1312]
[943]
[206]
[22, 1180]
[985]
[19, 1627]
[682]
[]
[]
[366, 648, 1278]
[1469]
[490, 1267]
[10, 2, 563, 104]
[35, 501]
[231]
[171, 285, 1492]
[73, 489]
[10, 784]
[1707]
[247, 1066]
[]
[1167, 355]
[65, 121, 844, 1515]
[189, 1394, 808]
[537]
[9, 1962]
[13, 30]
[955, 1897]
[]
[27, 534, 1500]
[]
[3]
[6, 322, 630, 1427]
[329, 1156]
[1098, 1324, 1714]
[]
[13, 1026]
[451]
[27, 1202]
[1263, 1845]
[380, 1398]
[256, 1971]
[1219]
[30, 50, 654]
[]
[285]
[73, 13, 1435]
[12, 34, 143]
[12, 24, 113, 553]
[726, 1056, 1378]
[1376, 1107]
[217, 384]
[]
[937, 347, 1232]
[434]
[1032, 634]
[273, 895]
[497, 982]
[615]
[1210]
[11, 1806]
[30, 1159, 1735]
[54, 923]
[23, 277, 446]
[379, 1144, 677, 632]
[500, 554]
[1544]
[]
[671, 309]
[241, 773]
[553, 919]
[37, 1119]
[25, 1398]
[51, 284, 889]
[1410]
[9, 1015]
[930, 1220, 1404]
[589, 1081]
[329, 307, 275]
[]
[176, 177]
[230]
[47]
[68, 412, 1817]
[769]
[50, 1752]
[]
[]
[124, 558, 1167]
[13, 319, 1760]
[1515]
[248, 296, 1218]
[]
[621, 1122, 761]
[433, 1124]
[516, 570]
[164]
[9, 171, 1143]
[399, 345, 484, 1527]
[179, 253]
[168, 1132]
[166, 640, 657]
[537]
[1114]
[1288, 356, 480]
[1180]
[103, 123]
[429, 573]
[]
[124, 664, 1846]
[]
[415]
[485, 1056]
[1270]
[937]
[1, 253, 841, 1500]
[78, 797, 1942]
[345]
[46, 604, 1713]
[1038]
[195, 1, 688]
[19, 162]
[819]
[166, 174, 874]
[604, 934]
[348, 633, 1602]
[59, 33]
[374, 1679]
[123, 469, 1943]
[477]
[]
[203, 371, 185, 1753]
[383, 651]
[65, 52]
[19, 169]
[5, 12, 11]
[1252]
[611]
[882]
[298]
[79, 1738]
[33, 99, 1536]
[1136]
[185]
[41, 365, 122, 1783]
[1996]
[14, 198, 614, 1406]
[398]
[31, 92, 1607]
[1541]
[1549, 1415]
[279]
[554]
[20, 17, 1548]
[11, 1769]
[1929]
[]
[1459]
[600, 1106]
[1093]
[301, 1758, 325]
[]
[553, 1653]
[6, 20, 261, 798]
[12, 299]
[1684, 3]
[839, 992]
[32, 591, 191, 810]
[24, 1663]
[225, 727, 1814]
[347, 521, 215]
[1326]
[181]
[37, 237, 1119]
[79, 1688]
[]
[14, 30, 190, 1594]
[90, 1764]
[731]
[341]
[1732]
[11, 4, 1742]
[33, 197]
[585, 1984]
[396]
[17, 631, 791]
[205]
[527]
[84, 85, 422]
[1934]
[212, 1684]
[38, 785]
[1210]
[110]
[68, 79, 594]
[69, 88, 174, 351]
[92, 1388]
[1704]
[39, 294, 1008]
[55, 1282]
[380]
[1525]
[33, 339, 368]
[16]
[730, 923]
[479]
[1904]
[658, 670]
[470]
[1065]
[]
[818]
[]
[1022, 1073]
[331]
[33, 690]
[279, 496]
[]
[127, 1310]
[265, 1660, 1716]
[13, 67, 1140]
[354]
[1458, 550]
[10, 1829]
[100, 818]
[]
[]
[436, 1462]
[1503, 1134]
[116, 902]
[50, 525, 291, 1278]
[510, 795, 832, 1154]
[21, 26, 62, 249]
[304]
[250, 791]
[250, 825]
[80, 567]
[1332]
[]
[117, 242]
[180, 629, 1701]
[1208]
[1422]
[5, 40]
[83, 272]
[355, 1457]
[988]
[654, 1938, 1551]
[611, 1931]
[953]
[15, 26, 194, 1097]
[464]
[302]
[70, 139, 993, 1452]
[303, 390, 1935]
[567]
[1710]
[182, 1992]
[1618, 1814]
[11, 71]
[14, 616]
[318, 337, 385, 1965]
[221, 432]
[219, 976]
[1652]
[928]
[189, 123, 416]
[652, 589]
[435, 951]
[309]
[]
[860]
[]
[]
[22, 36]
[30, 128, 587]
[]
[]
[541, 726, 1056]
[1759]
[456]
[253, 1411]
[132, 1971]
[1174]
[]
[697, 1371, 1516]
[1701]
[65, 1781]
[]
[23, 127, 297, 1370]
[82, 570, 505, 356]
[]
[23, 345, 341]
[367]
[149, 326]
[36, 135, 603, 1079]
[1564]
[94, 1006]
[]
[421, 425]
[892]
[220, 380]
[46, 1936]
[]
[991]
[177]
[1842, 852]
[401, 1601, 1917]
[153, 1610]
[]
[1092]
[359]
[16, 1064]
[384, 1584]
[283, 1329]
[1787]
[206, 933, 1469]
[1134]
[]
[66, 157]
[4, 200]
[]
[42]
[466]
[11, 16, 1442]
[339, 802, 1800, 1156]
[888]
[1882]
[1795, 1809]
[1016, 1828]
[1690]
[64, 247, 212, 1256]
[259, 527, 1586]
[77, 326, 1732]
[441, 411, 921]
[419, 1628]
[1998]
[249, 1138]
[5, 11, 16, 244]
[35]
[1258]
[1006]
[49, 339]
[698, 965]
[417, 1164]
[]
[633, 1567]
[55, 96, 292, 1452]
[789]
[213, 318, 1254]
[502]
[40]
[1035]
[12, 253]
[995]
[1617, 1992]
[59, 1430, 1483]
[1099, 76, 1220]
[]
[500]
[]
[1502]
[205]
[1873, 1839]
[241]
[19, 108, 261, 244]
[657]
[81, 1011]
[742]
[91]
[270, 784]
[381]
[1598]
[1939]
[267]
[1047, 1244]
[57, 579, 1592]
[226, 1225]
[117, 272, 1592]
[]
[954, 1950]
[148, 1037]
[67, 544]
[470]
[574, 670, 837]
[]
[148]
[574]
[602]
[1350]
[5, 116, 1272]
[75, 613, 1771, 1791]
[946]
[8, 210]
[33, 508]
[66, 209]
[109, 184, 1134]
[371, 831]
[498, 795]
[733]
[]
[]
[10, 11, 510, 1432]
[272]
[]
[314, 300, 1877]
[18, 145, 241]
[365, 1863]
[23]
[350, 285]
[1682]
[1604]
[165, 378]
[1516]
[716, 1273]
[917]
[]
[]
[71, 732, 932]
[5, 1265]
[60]
[1593]
[21, 588]
[1958]
[21, 58]
[178, 775]
[]
[1389, 1648]
[185, 902]
[1865]
[324, 475, 1295]
[234, 853, 696]
[]
[1094]
[1551]
[640]
[913]
[1429]
[946]
[]
[]
[90, 636]
[]
[]
[509, 1463]
[741, 563]
[334]
[63]
[13, 1026]
[1199]
[24, 577]
[]
[]
[98, 532]
[1392]
[86]
[114]
[237]
[37]
[]
[]
[57, 181, 1831]
[301]
[1582, 761]
[22, 423, 339, 1716]
[1902]
[915]
[51, 1943]
[236, 239, 286]
[68, 230, 467, 933]
[268, 1143]
[1816]
[]
[414]
[129, 1477, 1420]
[151]
[360]
[397, 795]
[203, 371]
[175, 1362]
[80, 880]
[14, 67]
[1455]
[]
[200, 1814, 1429]
[1299]
[139, 1894]
[76, 230, 1453]
[2, 1614]
[757, 454]
[1905]
[214, 870]
[987]
[1194]
[]
[]
[175, 211, 1932]
[68, 642]
[]
[228, 258, 1791]
[510, 122]
[183, 361, 840]
[34, 1703]
[263, 528]
[5, 11, 241, 658]
[752]
[436, 703, 1172]
[16, 811, 1641]
[203, 948]
[36, 170, 452]
[636, 1764]
[69, 803]
[1219]
[294]
[1296, 1488]
[850, 958]
[46, 1363]
[]
[]
[]
[1551]
[50, 106, 541, 584]
[546, 1266]
[]
[13, 73, 710]
[472]
[]
[23, 127, 790, 1674]
[731]
[]
[1006, 1997, 1728]
[69, 142, 1070]
[]
[3, 5, 1850]
[]
[386]
[328, 18]
[1563, 1745]
[516, 553]
[177, 114, 1162]
[1057]
[539, 1685]
[219, 1428]
[1051]
[1979, 383, 278]
[]
[]
[171, 1090]
[975, 1881]
[]
[262, 209, 820]
[308, 870]
[33, 157]
[22]
[1382]
[1072]
[1745]
[352]
[38, 145]
[738, 734]
[62, 230, 470, 1285]
[]
[1390]
[68, 76, 1664]
[24]
[356, 1854]
[263]
[880]
[1018, 179]
[]
[8, 73, 442]
[182, 1640]
[909]
[]
[840]
[108, 1564]
[75, 831]
[3, 102, 611, 956]
[5, 246, 795]
[]
[10, 320]
[92, 1338]
[65, 66, 258, 548]
[436, 685]
[1832]
[60]
[1718]
[9, 1188]
[1514]
[38, 564, 737, 1986]
[767]
[150, 56]
[341, 949]
[1351, 1689]
[771, 1074]
[3, 5, 25, 1722]
[802, 1995]
[]
[16, 52, 173, 1472]
[606, 1716]
[141, 434]
[288]
[1408]
[189, 236, 1393]
[431, 749]
[990]
[1962, 1747]
[256, 1262]
[247, 1052]
[1341]
[226]
[1211, 1788]
[4, 716]
[50, 525, 1393]
[13, 14, 442, 489]
[13, 437]
[209, 322]
[94, 424]
[120]
[50, 52, 291]
[504, 610, 1365]
[742]
[53, 56, 130]
[11, 1104]
[14, 74, 508, 947]
[16, 243]
[845]
[741]
[720]
[1768]
[]
[]
[1923]
[1238, 40]
[]
[1808]
[26, 62, 278]
[]
[631, 688]
[58, 402, 1055]
[1479]
[]
[111]
[5, 157]
[62, 163, 307]
[66, 209, 1307]
[1179]
[33]
[1285]
[581]
[22, 370]
[98, 76, 467]
[1603]
[1009]
[1450, 1637, 1896, 1973]
[176, 150, 553]
[12, 43, 111, 41]
[5, 25, 155]
[]
[793, 518]
[662, 1929]
[38, 88, 221, 1379]
[16, 837, 799]
[1671]
[296, 1130, 1068]
[83, 1442, 1906]
[1153, 525]
[266, 1603]
[1091]
[1176]
[638, 254]
[33, 1029]
[1935]
[9, 29]
[]
[131, 614]
[962]
[142]
[895, 1390]
[1377]
[1026]
[1930]
[286, 615, 514, 1492]
[]
[24, 512, 1525]
[1120]
[45, 410, 482]
[146, 903]
[346, 599]
[778]
[1608, 615]
[57, 384, 565, 879]
[202, 906, 45]
[21, 199, 1724]
[40, 560]
[1775]
[256, 686]
[56, 680]
[324, 416, 1121]
[103]
[1958]
[1061]
[1918]
[529]
[1565]
[94, 117, 242]
[55, 151, 165, 1613]
[270]
[1255]
[432, 827]
[785]
[1701]
[612]
[83, 117, 193]
[816]
[318, 860]
[718, 1604]
[154, 1400]
[]
[1621]
[1312]
[29, 219, 275]
[362]
[927]
[240]
[450]
[138, 422, 839]
[44, 101, 58, 838]
[242, 229, 1230]
[]
[151]
[574]
[124, 1403]
[116, 201, 966]
[1214]
[50, 173, 865]
[279, 1246]
[790]
[1030, 1293]
[1608]
[358, 114, 1057]
[29, 123, 1689]
[93, 1070]
[34, 44, 969, 363]
[13, 73, 946]
[58]
[75, 854]
[5, 1532]
[118]
[502]
[14, 346]
[160, 162]
[843]
[295]
[]
[799]
[535, 510]
[29, 1363, 1689]
[316, 1133]
[]
[29]
[1516, 1371]
[12, 816]
[16, 837, 1606]
[83]
[31, 429]
[171, 514]
[32, 600]
[55, 639, 693]
[1032]
[490, 1103]
[641, 693, 1158]
[605]
[]
[1836]
[233, 306]
[9, 1062]
[1302, 1631]
[14, 1900]
[246, 264]
[5, 419, 1286]
[629, 916, 1632]
[13, 73]
[63, 1680]
[171, 496]
[163, 625]
[640]
[]
[561, 1871, 158]
[128, 243]
[711]
[822]
[365, 1725]
[90, 1749]
[1371]
[220, 249, 1766, 1829]
[146, 150, 458]
[1975]
[94, 822, 1238, 1563]
[1372, 56]
[]
[193, 398, 654]
[440, 422]
[]
[107, 455]
[]
[1891]
[564]
[]
[1418]
[84, 632]
[]
[]
[739, 876]
[371]
[1465]
[463]
[]
[669]
[]
[1690]
[1462]
[432, 797]
[71, 1664]
[148]
[428]
[113]
[682]
[]
[4, 200]
[1128, 1277, 1472]
[204]
[1436]
[69, 1547]
[]
[153, 727]
[386, 1099]
[]
[1443]
[1017]
[]
[298, 435]
[861, 1959]
[40, 161, 1499]
[26, 149, 1624]
[13, 30, 1818]
[112]
[]
[549]
[495]
[1618]
[193]
[22, 38]
[44, 93, 306, 1026]
[783, 1501]
[984]
[]
[22, 1652]
[16]
[656, 1519]
[21, 988]
[81]
[440, 1196]
[1829]
[94, 704]
[1060]
[1523]
[]
[]
[13, 1360]
[466]
[42, 263, 999]
[332, 1313]
[462]
[307, 474, 394]
[218, 1533, 1670]
[35, 317, 1845]
[1359]
[23, 223]
[113, 1439]
[59, 57, 1985]
[1047]
[1805, 1391]
[1211]
[694]
[]
[25, 392]
[40, 92, 1644]
[231]
[1977]
[65, 1781]
[309]
[4, 111, 292, 691]
[13, 190]
[1302]
[704, 416]
[697]
[1643]
[1390, 580, 1650]
[25, 978]
[496]
[469, 1063]
[13, 426]
[1790]
[20, 217]
[963, 1313]
[47, 1231]
[12, 1131, 1339]
[236, 228]
[131, 661]
[140]
[12, 966]
[]
[862]
[5, 124, 950]
[658]
[622]
[38, 557]
[181, 297, 1956]
[283, 614]
[182, 283]
[14, 13, 30, 1525]
[143, 620]
[186, 125]
[358]
[24, 278]
[1170]
[121]
[]
[157, 197, 368, 1494]
[799]
[144, 1304]
[1427]
[849]
[204]
[204, 377]
[761]
[1926]
[805, 1159]
[]
[92, 243, 898, 1880]
[259, 198]
[1101, 647]
[1387]
[]
[21, 91, 1893]
[561]
[1541, 1806]
[]
[]
[]
[8, 442]
[618]
[261, 1048, 1337, 1657]
[1547]
[5, 402]
[]
[487]
[]
[19, 293]
[1592]
[582]
[]
[13, 609, 710]
[]
[17, 270]
[207, 244]
[84, 130, 492]
[25, 55, 36]
[189, 985]
[1695, 267]
[143, 146, 1677, 147]
[1037]
[230, 1950]
[459, 1131]
[706]
[302]
[515]
[1017]
[511]
[383, 1275]
[169, 1895]
[1130, 18]
[635, 756, 944, 1737]
[]
[13, 30, 387, 1436]
[31, 742, 1499]
[19]
[]
[496]
[]
[39, 1290, 97]
[6, 181, 1534]
[767]
[51]
[944, 1737]
[506, 936, 1147]
[15, 1138]
[732, 1255]
[163, 689, 1187, 1341]
[1068, 1063, 243]
[506, 1283]
[828, 1850]
[716]
[406, 700, 861]
[422, 379]
[]
[681]
[186, 906, 1175]
[146]
[979]
[]
[400]
[]
[69, 158]
[3, 11, 172]
[122]
[1801]
[1015]
[]
[489, 661, 1755]
[81, 1388]
[647]
[1913]
[827]
[668]
[]
[]
[73, 131, 387]
[1952]
[14, 13, 67]
[302]
[3, 4, 36, 1941]
[]
[]
[86, 632]
[1544]
[221, 1175]
[1141]
[897]
[1845]
[]
[1853, 1326]
[179]
[1092]
[]
[12, 100]
[113, 158, 1317, 1711]
[]
[]
[1654]
[]
[181]
[241, 613, 1044]
[1370]
[11, 67, 242, 703]
[768]
[]
[]
[1386]
[1596]
[]
[43]
[72, 1451]
[33]
[12, 34, 1340]
[651]
[]
[4, 283]
[]
[]
[666, 1983]
[699, 1275]
[1145]
[]
[123, 575]
[]
[13, 1575]
[]
[704, 1186, 514]
[462]
[89]
[5, 147, 570]
[766]
[1181]
[16, 50]
[41, 1068]
[240, 827]
[1893]
[544, 1530]
[]
[]
[851]
[]
[1346]
[1964, 605]
[14, 391, 1973]
[239, 377, 601]
[257]
[9, 1802]
[1747]
[68, 238]
[254, 717, 552]
[1361]
[434]
[16, 84, 506]
[33, 1185]
[1225]
[5, 11, 936]
[822, 1488]
[1568]
[14, 13, 1076]
[584, 822, 527, 293]
[275, 777]
[1621]
[1645]
[499, 395]
[]
[313]
[893]
[55]
[27, 1051, 1528]
[290]
[]
[1368, 229]
[57, 579, 1592]
[329]
[45, 478, 1812]
[377, 1125]
[74]
[1895]
[30, 1115]
[367]
[1848]
[1479]
[4, 1261]
[13, 131, 494]
[96, 1533]
[]
[636, 1440]
[]
[974]
[1076]
[95, 1278]
[581]
[268]
[113, 1098]
[11, 241, 1454]
[67]
[883]
[23, 297]
[123, 477, 1838]
[1179, 1393, 1769]
[]
[]
[33, 276]
[233, 1500]
[474, 1469]
[]
[]
[]
[140, 859, 1409, 1812]
[53, 100]
[26, 843]
[381, 566, 932]
[1235]
[204, 1786]
[13, 319, 1269]
[557]
[1108]
[1192, 1879]
[453, 1797, 1308]
[59, 938]
[1354]
[121, 1746]
[37, 137, 793]
[40, 702, 814]
[288]
[611, 1112, 1791]
[200, 506, 1386]
[]
[565]
[33, 991]
[13, 228, 1159]
[758, 1602]
[397]
[]
[1888]
[]
[]
[]
[11, 1626]
[]
[351]
[]
[184]
[1681]
[56, 248, 423]
[86, 136]
[54, 1401, 1631]
[531]
[37, 613]
[5, 36, 1133]
[]
[305, 497]
[]
[1396]
[]
[797]
[30, 415, 910]
[710, 786]
[202, 477, 1048]
[118, 700]
[167, 555]
[]
[622, 890]
[110, 857, 1035]
[203]
[]
[]
[13, 746, 1807]
[699]
[492]
[245, 1148]
[103, 159, 1948]
[246, 1613]
[1845]
[296]
[80, 242, 112, 567]
[]
[]
[629, 1632]
[1939]
[1282, 1566, 1597]
[86, 1667]
[1885]
[1074, 1852]
[283, 1179]
[]
[33, 49]
[1921, 316, 0]
[42, 346]
[]
[1965]
[1512]
[85]
[171, 593]
[223, 732, 720]
[56, 347, 1184]
[250]
[]
[523, 1837]
[]
[261, 1826]
[]
[121, 413, 1085]
[838]
[26, 1707]
[758]
[29, 887]
[93]
[1746]
[56, 45]
[189]
[1975]
[525, 1153]
[181, 204, 108]
[23, 34, 364]
[1323, 27]
[461, 709]
[15, 1065]
[17, 139, 826]
[]
[1186]
[71, 626]
[1242, 1999]
[43, 334]
[66, 65, 323]
[1059]
[769]
[15, 21, 286]
[5, 456, 967]
[4, 503]
[1747]
[65]
[171, 333, 1552]
[]
[1189]
[139]
[38, 835, 1117]
[]
[5, 11, 1532]
[183]
[398, 800, 1551]
[352]
[95, 294, 1113]
[]
[]
[354, 1639]
[321, 402, 1100]
[1842]
[340]
[91, 249, 1430]
[253]
[24, 1768]
[1812]
[1407]
[]
[1504]
[4, 121]
[88, 174]
[16, 550, 1344]
[]
[72, 840, 1216]
[42, 1741]
[1653]
[539]
[195, 1050, 137]
[149, 218, 326, 795]
[867]
[166, 1871, 158]
[890, 943]
[734, 209]
[208, 228, 802]
[1255]
[61, 186]
[156, 1149]
[669]
[14, 780]
[747, 1898]
[]
[]
[16, 163, 1183]
[765]
[1527]
[1846]
[12, 604, 904]
[123, 1191]
[773, 122, 366]
[1117]
[1876, 1686]
[36, 37, 159]
[463, 1805]
[1609]
[1860]
[]
[3, 1926]
[599, 749, 1397]
[370]
[]
[]
[1574]
[263]
[]
[1221, 1869]
[]
[720]
[148, 1760]
[381, 546]
[]
[184, 1838, 640]
[862, 1104]
[3, 12, 1439]
[318]
[]
[195, 65]
[20, 562, 1126]
[1569]
[]
[1895]
[444, 552, 34]
[764]
[157, 244]
[1845, 1785]
[398, 1644]
[525]
[30, 254, 571]
[1682]
[1011, 1952]
[1079]
[14, 13, 33, 73]
[315, 881, 1535]
[354, 1456]
[577]
[78, 342, 741]
[196, 624, 1474, 1341]
[1112, 505]
[1989]
[36, 232]
[1550]
[]
[1880]
[1808]
[79, 698, 1025]
[]
[27, 1998]
[1558]
[194, 222, 315]
[27, 1051]
[82, 573]
[50, 236, 1211]
[989, 1321]
[284]
[403]
[481, 696]
[644]
[50, 1182, 1634]
[814, 185, 1295]
[19]
[]
[861]
[680, 1086]
[401]
[]
[187, 945]
[]
[1124]
[68, 179, 238]
[99, 315, 1171]
[947]
[1313]
[1915]
[10, 320]
[33, 1055]
[]
[907, 425]
[12, 535, 1839]
[1751]
[359]
[]
[13, 67]
[6, 1426]
[5, 11, 84, 1722]
[27, 1202]
[]
[45, 145]
[22, 38, 445, 564]
[]
[1688]
[1152]
[9, 25]
[784, 1562]
[165, 251, 933]
[16, 426]
[1991]
[772, 71]
[625, 525]
[702]
[187, 509, 578]
[750]
[302, 814, 905]
[38, 883]
[1577]
[143, 315, 234]
[569, 611, 1573, 1972]
[45, 333, 171, 937]
[718, 589, 1157]
[9, 98, 189]
[118, 1675]
[33, 250, 377]
[]
[592]
[794, 1798]
[]
[106, 351]
[42, 840, 469]
[1195]
[12, 78, 1363]
[128, 323]
[1411]
[290]
[]
[150]
[]
[1466]
[]
[374]
[]
[5, 157]
[]
[28]
[928]
[216, 311, 376, 815]
[1993]
[1122, 1727]
[1002]
[848, 852]
[36, 155, 680, 1086]
[66, 153]
[189, 480, 1280]
[210, 362]
[]
[322]
[128]
[807]
[]
[860]
[169, 1492]
[284]
[1801]
[829, 1027]
[132, 436, 46]
[277]
[35, 501]
[1512]
[]
[26, 320]
[1602]
[336, 628]
[98, 160, 709]
[37, 1767]
[22, 1877]
[16, 1347]
[461, 564, 1486]
[612, 1508]
[255, 1634]
[69, 45]
[]
[586, 1434]
[56]
[765]
[47, 1717]
[378, 512]
[]
[]
[499, 1359]
[899]
[562, 1294]
[34, 728, 1062]
[13, 281, 207, 609]
[]
[35, 142, 1464, 1950]
[]
[508, 1786]
[49, 605, 1575]
[1936]
[1082, 957, 650]
[973]
[378, 1855]
[]
[75, 257, 1938]
[108, 391]
[522]
[1652]
[]
[533]
[9, 1998]
[163]
[623, 517]
[421]
[38, 1325]
[50, 1618]
[1852]
[41, 410, 1068]
[1792, 1760]
[678, 1704]
[]
[218, 901, 765]
[57, 1098, 1987, 1711]
[29, 1775]
[1723, 1816, 863, 1503]
[]
[231, 1674]
[]
[814, 1359]
[1200, 166]
[75, 533, 1150]
[1645]
[]
[122]
[326, 1015]
[584, 8]
[25, 84, 1106]
[165, 142, 1776]
[5, 108, 1581]
[101, 91, 58, 945]
[1941]
[]
[719, 1658]
[729]
[12, 23, 70]
[26, 89]
[585]
[52, 291]
[59, 199, 1985]
[446, 1142]
[]
[276, 572]
[453, 117]
[191, 158, 18, 1077]
[1523]
[51, 45]
[341]
[316, 903]
[12, 9, 25, 1263]
[1905]
[1060, 1715]
[52, 93, 901, 1107]
[166, 316]
[1119]
[334]
[1533, 1580]
[14]
[36, 98, 1591]
[1769]
[226, 1160, 1082, 74]
[]
[9, 29]
[1398]
[103, 40]
[19, 17, 519]
[283, 392]
[117, 607, 769, 1714]
[182]
[228]
[1618]
[1419]
[761]
[]
[1395]
[457, 511, 966, 1812]
[135, 554]
[1777]
[5, 16, 1277]
[90, 175, 636]
[42, 163, 1216, 1750]
[19, 153, 1894]
[812]
[]
[333, 221, 1175]
[]
[328, 1561]
[1553, 1744]
[1563]
[]
[192, 1247]
[272]
[1679]
[]
[1039]
[1430]
[1062]
[129, 221]
[607]
[51, 251, 693]
[869, 435, 829, 1069]
[1879, 686]
[]
[1914]
[557, 1094]
[525, 1153]
[]
[]
[137, 773]
[]
[]
[824]
[104, 1972]
[]
[47, 155, 728]
[16, 52, 273]
[103, 71]
[141, 304, 303]
[1645, 1859]
[128]
[210, 1085, 1417]
[118, 363, 791]
[147]
[211, 949, 1221]
[1749, 1368]
[127]
[95, 981]
[14, 833, 1043]
[432, 1359]
[]
[528]
[487, 757, 1079]
[]
[678, 584, 1425]
[42, 700, 1035]
[113, 1944]
[]
[143, 899]
[383, 1320]
[21, 46, 855]
[29, 130, 1577]
[5, 11, 330]
[159]
[]
[]
[]
[7, 250, 1147]
[1207]
[207]
[444, 1892, 1916]
[4, 34, 292]
[301]
[]
[68]
[33, 42]
[1634]
[]
[1585]
[]
[1620, 167]
[]
[1767]
[96, 460]
[]
[1679, 1552]
[]
[662, 1712]
[21, 58, 497]
[1089, 1987]
[14, 281, 753]
[]
[594, 1046]
[119, 217]
[]
[]
[38, 158, 1602]
[83]
[12, 122, 1007]
[]
[573, 957]
[265, 109, 824]
[316, 1961]
[1110]
[96, 172, 301]
[865, 962, 1247]
[15, 220, 1799]
[582]
[1176, 1060]
[285, 514, 1099, 1458]
[10, 11, 56]
[96, 137, 283, 1564]
[20, 54, 1201]
[]
[37, 564, 1986]
[432]
[]
[460]
[1830]
[981]
[138, 693]
[105]
[248, 773]
[254, 64, 1836]
[136]
[]
[93, 1742]
[86, 245, 830, 1338]
[1478]
[14, 13, 67, 1020]
[1122]
[879, 1728]
[83, 892]
[716]
[13, 373, 1182]
[253]
[]
[566]
[332]
[189, 158, 831]
[28, 827, 325]
[68, 1282]
[1982, 932]
[203, 371, 446]
[9, 595, 805]
[344, 1564]
[628]
[186, 478]
[100, 740]
[307, 386, 279]
[140]
[105]
[79, 117, 679, 1796]
[93, 133, 1407]
[45, 457, 1737]
[]
[1328]
[1136]
[818]
[4, 82]
[1065, 1968]
[328]
[98, 160, 467]
[821]
[437, 1283]
[355, 1508]
[27, 113, 371, 1075]
[436, 19, 1602]
[1874]
[292, 392, 1228, 1319]
[12, 24, 105, 639]
[1491, 1425]
[259, 621, 278]
[1501]
[46, 261, 894, 1788]
[55, 165, 493]
[]
[229, 821]
[185, 1989]
[]
[1312]
[5, 25, 55, 1330]
[1553]
[4, 783]
[406]
[1230]
[501, 1169]
[223, 1419]
[816, 1844]
[]
[169, 271, 1748]
[]
[855]
[6, 730, 779]
[17, 49, 286]
[1318, 1308]
[1204]
[79, 341]
[39, 780]
[]
[50, 200, 1141]
[363]
[1754]
[]
[1475]
[1405]
[30, 319, 539]
[1985]
[610]
[9, 21]
[160, 461, 445, 1486]
[1565]
[1656]
[648]
[392]
[864]
[162, 217, 846]
[745]
[1214]
[5, 25, 1056]
[1586]
[125, 182, 723]
[619]
[]
[1845, 977]
[19, 320, 875]
[1266]
[]
[11, 163, 227, 931]
[322, 865, 1763, 1644]
[]
[525]
[155, 677]
[35, 1048, 517, 1860]
[566, 1664]
[12, 425, 1095]
[52, 1415, 1482]
[]
[23, 364, 401]
[49, 94]
[13]
[1761]
[346, 1343]
[]
[14, 93, 139, 328]
[13, 30, 1807]
[26, 1404]
[205, 1513]
[44, 46, 573]
[7, 103, 416]
[]
[]
[36, 1376]
[44, 1392]
[62, 88, 174, 1265]
[409]
[4, 37, 1259, 1896]
[13, 30, 1020]
[1219, 332, 72]
[1354]
[12, 447, 334, 513]
[19, 706]
[1847]
[1226]
[17, 460, 1426]
[91, 331, 995]
[1833]
[1, 1181]
[651]
[16, 83, 1064]
[949, 1831]
[26, 497]
[708, 1080, 981, 1299]
[527, 1810]
[22]
[71, 1664]
[]
[55, 1825]
[1520, 198, 640]
[1942]
[10, 598]
[730, 923]
[30, 436, 360, 1413]
[787, 1336]
[293, 804, 1856]
[161, 1765]
[1628]
[542]
[321, 1148, 1872]
[76, 695, 1383, 1145]
[7, 35, 625]
[160, 321, 1872]
[111]
[]
[]
[676]
[195, 306]
[76, 315, 467, 1950]
[88]
[1412]
[1696]
[1979, 784, 164]
[787]
[146, 221, 695, 1784]
[307, 1628]
[43, 691]
[]
[412]
[253, 341, 1400, 1589]
[14, 30, 67]
[1271, 1277]
[100, 257, 759, 1925]
[554]
[1832]
[68, 116]
[9, 45, 216, 1000]
[86, 1532]
[153, 210, 200]
[10, 167, 616]
[1561]
[12, 44, 1155]
[1036]
[319, 489, 837]
[1, 1916]
[695, 1101]
[33, 40, 1467]
[163, 1732, 1589, 1850]
[49]
[31, 478]
[21, 91, 1874]
[1046]
[]
[1254]
[487, 1024]
[1696]
[1145]
[90, 143, 1912]
[13, 37, 159]
[1261, 1384]
[26, 868]
[35, 501, 757]
[13, 67, 209, 1640]
[13, 89, 692]
[6, 1535, 768]
[5, 329, 1099]
[623, 1251]
[612, 819, 1283]
[184]
[36, 113, 1457, 1529]
[390, 1935]
[89, 762]
[]
[1023, 1055]
[61, 1849]
[219]
[125, 1993]
[721, 968]
[13, 494, 1251]
[1649]
[672]
[301, 166, 714, 640]
[]
[1303]
[116, 1065]
[]
[5, 245, 427]
[]
[1867]
[560]
[209, 1713]
[36, 68, 151, 238]
[1166]
[146, 903]
[9, 394]
[225, 435, 1733]
[208, 1020]
[221]
[455, 1644]
[98, 889]
[1651]
[681]
[561]
[1757]
[311]
[84]
[146, 484, 1229]
[258, 1626]
[844, 1078]
[1154, 1672]
[21]
[55, 1158, 1566]
[119, 111, 825]
[1639]
[209, 1159]
[87]
[]
[]
[]
[13, 73, 1762]
[336]
[51, 55, 151, 218]
[121, 1813]
[235]
[1273, 1673, 1969]
[448, 1280]
[]
[]
[105]
[1167]
[23, 34, 1455]
[688]
[1188]
[108, 118, 431, 778]
[9, 1361]
[123, 1689]
[60]
[1302, 1629]
[14, 40]
[1459, 1902]
[1183]
[]
[]
[163, 605]
[30, 715, 746, 661]
[1118]
[11, 1806]
[794, 829]
[669]
[1910]
[40, 1242, 1316, 1441]
[870]
[66, 649]
[55, 76, 641, 1282]
[160, 445, 785, 1486]
[19, 239, 819, 1894]
[794, 869]
[290, 330, 1593]
[140, 136, 914, 726]
[676, 1011]
[27, 113]
[38, 484]
[286, 1768]
[39, 369]
[1531, 1812]
[10, 1405]
[1122, 937, 76]
[682]
[]
[]
[170, 813, 1521]
[47, 1400]
[37, 910]
[12, 24, 766]
[]
[]
[5, 86, 1532]
[676, 1472]
[]
[26, 60, 696]
[1972]
[39, 53, 856]
[152]
[15, 1671]
[76, 230, 915]
[583, 1358]
[132]
[676]
[]
[653, 928]
[9, 78]
[27, 1951]
[491, 1592]
[56, 220, 1253, 1842]
[3, 56, 1716]
[394, 1084, 1397]
[829]
[]
[]
[972]
[462]
[492, 1116, 794]
[186, 397]
[59, 40, 197, 582]
[87, 840]
[238, 1484]
[345, 1953]
[22, 38, 592, 1077]
[1128, 1686]
[29, 1350]
[1841]
[305, 341, 1411]
[313, 666]
[670, 1135]
[1403]
[221, 604]
[]
[922, 1106]
[182, 885, 1580]
[12, 98]
[1973]
[571, 1177, 1517]
[354, 748, 723]
[]
[482, 17]
[1867]
[702]
[716, 1744]
[1016]
[81, 164, 784]
[495]
[48, 265]
[53, 84, 1687]
[868]
[]
[21, 101]
[142, 201]
[900]
[88, 1215]
[]
[334, 360]
[]
[19, 258, 870]
[1698]
[435, 852, 200, 1303]
[293]
[14, 229, 661]
[200, 1429]
[29, 47, 1273]
[493, 1197, 1966]
[1719]
[11, 1846]
[1786]
[756, 944]
[33, 83, 330, 801]
[1502]
[150, 1101]
[1541]
[3, 25, 218]
[154, 1452]
[53, 510]
[1651]
[91]
[444]
[]
[21]
[1447]
[21, 1475]
[212, 589]
[14, 619, 1751, 1841]
[1389]
[1111]
[331, 1740]
[770]
[482, 853]
[118, 1016]
[1480]
[367, 402]
[5, 29, 878]
[1865, 479]
[547]
[78, 1571]
[1714]
[16, 620, 1692]
[1237, 454]
[1161]
[47, 248, 1218]
[1482]
[340]
[11, 16, 811]
[158, 1754]
[]
[481, 1097]
[1169]
[477, 1413, 1162]
[13, 1012]
[930]
[1513]
[17, 41, 285, 1409]
[118, 341, 1819]
[]
[1752]
[706, 1060]
[]
[87, 1462]
[7]
[159, 1119]
[234]
[781]
[1182]
[29, 275, 1667]
[36, 176, 1182]
[127, 115, 610]
[105, 108, 136, 1976]
[4, 198]
[816, 1916]
[157, 218]
[237, 1215]
[162, 459]
[344]
[377, 411, 1016]
[1275, 1418]
[104, 762]
[1933]
[13, 583]
[1386, 1117]
[75, 1278]
[11, 193, 579]
[52, 291, 456]
[1096]
[111, 1162]
[1865]
[]
[1755]
[1212]
[12, 441]
[599]
[68, 142, 1215]
[]
[1536, 1120, 1581]
[]
[]
[105, 108, 157, 1800]
[149, 1015, 1732]
[5, 25, 137]
[728, 1062]
[50, 611]
[95, 697]
[1711, 255, 424, 63]
[284, 1054]
[60, 289]
[1668]
[1577]
[1974]
[136, 519, 586]
[1650]
[58, 62, 515]
[5, 388]
[297]
[1321]
[]
[1910, 787]
[790]
[131, 167, 1173]
[1094]
[10, 1363]
[296]
[619, 1530]
[1419]
[]
[16, 173, 1271]
[26, 89, 1232]
[253, 560, 895]
[653]
[545, 1163]
[9, 78, 315]
[296, 1288]
[44, 110, 476]
[1113]
[1243]
[5, 834]
[152, 1985]
[31, 1457]
[322]
[5, 207, 1042]
[87, 58]
[]
[276]
[]
[62, 129, 362, 793]
[1451]
[45]
[1305]
[1257]
[1697]
[1571]
[1055]
[1851]
[1182]
[355, 463]
[66, 81]
[281, 399, 387]
[]
[52, 291, 1199]
[10, 156, 1291]
[]
[35, 189, 449, 503]
[456]
[27]
[981, 1517]
[80, 288, 1160]
[570]
[210, 223, 1085]
[288, 45, 1045]
[894]
[671, 993]
[230, 349, 165]
[25, 728, 880]
[10, 76]
[234, 380, 696]
[12, 536, 716]
[179, 251, 441]
[1207]
[69, 1050]
[955]
[]
[44]
[12, 826]
[]
[21, 101, 40, 341]
[]
[1367]
[107, 468, 1275]
[]
[68, 1031, 1120]
[885, 656]
[432]
[278]
[440, 1974]
[173, 330, 1302]
[1506, 1532]
[131]
[17, 366]
[685]
[165, 717]
[]
[5, 670, 720, 1527]
[]
[1266, 566]
[46, 441, 1168, 1475]
[1531]
[10, 484]
[329]
[594, 893, 1395]
[1212]
[]
[10, 878]
[154, 838, 1599]
[59, 359, 1524]
[211, 305, 949]
[1967]
[171]
