6.49567714862
5.77625994704
5.4996591187
5.12370172571
4.49307481942
4.2827584129
2.79263416114
2.59151068924
2.57252223436
2.4850912602
2.41289309079
2.31935217838
2.27523730313
1.90697338744
1.87687213203
1.85631415172
1.80925641631
1.78822197294
1.63795392742
1.37473610602
1.33764205431
1.04991441182
1.03002908527
0.922600675597
0.89907180789
0.872193685042
0.83800045264
0.829928607614
0.819614583414
0.810814030156
0.735897218507
0.729128640125
0.726073671001
0.701451740947
0.653777406261
0.617888525858
0.608905795543
0.608093005592
0.604911913889
0.602613680236
0.551814308326
0.537043953018
0.529742857083
0.527178364653
0.523688973313
0.483455870761
0.482530971852
0.482376822033
0.464075034526
0.455933121401
0.452359648342
0.441288888671
0.437827524571
0.428200167743
0.422482610849
0.422384515511
0.420772949229
0.417227503411
0.416807094815
0.414004370848
0.411748178054
0.411678109955
0.405428035508
0.401364085755
0.387042166281
0.384785973488
0.379923247404
0.379741070346
0.378297667503
0.378227599404
0.377414809453
0.37679821018
0.376447869685
0.368754392394
0.365222960195
0.362560372426
0.348658861548
0.336677216587
0.336018576454
0.328002785908
0.312629844946
0.311775014136
0.308818140351
0.303086569837
0.302455956945
0.30026983225
0.299821396415
0.29942901506
0.294594316216
0.290656489042
0.288484377967
0.287895805934
0.285989953636
0.284196210297
0.283145188809
0.282977025371
0.27702123694
0.276446678527
0.268585037798
0.266482994823
