5.0017041485
3.73633142688
3.742785677
3.35779531874
1.76823806898
2.69380018321
1.79213011768
1.75600896348
2.27733120154
1.77842899023
1.76801160406
1.67425512858
1.98938106006
1.67957705412
1.77967454727
2.05652790784
1.27250636649
1.67029199254
1.45186658046
1.19233778601
1.04253124367
1.29356760374
0.944924864602
0.786965585259
0.909596337609
0.899858346195
1.00663655438
0.828295432542
0.814481072628
0.895895210154
0.836108472166
0.745635737976
0.936772127604
0.817425116545
0.819576533252
0.695020829111
0.75741191364
0.711099838191
0.644632385162
0.775868804345
0.769074856846
0.684037280655
0.697172245819
0.691623855361
0.671921407615
0.724461268271
0.730236123645
0.669769990907
0.825464621085
0.617116897793
0.677356565614
0.676563938406
0.674638986615
0.657427652952
0.655842398535
0.680753539364
0.634328231456
0.588582318299
0.704079425776
0.672034640074
0.637951670122
0.642933898288
0.657201188035
0.648029358912
0.670109688282
0.820255928002
0.810404704129
0.620400639084
0.653690981827
0.737143303602
0.600471726421
0.598773239547
0.582354533092
0.619381546959
0.598999704463
0.570238660052
0.601717283463
0.579976651467
0.586204436674
0.617456595168
0.655615933619
0.660598161784
0.590167572715
0.574315028552
0.637272275372
0.635347323581
0.581448673425
0.572956239052
0.586657366507
0.578164932134
0.569446032844
0.569672497761
0.605001024754
0.574654725926
0.592771919256
0.581561905883
0.578844326884
0.569219567928
0.562765317804
0.566049059095
