F1score=0.514371112268
20k_train as train, 5k_test as test, just use title
computation time is 5 hours

(7, 84)
(82,)
()
()
()
()
(4,)
(1,)
()
()
()
(10,)
()
(45,)
(3, 5)
(6, 19)
()
(0,)
()
()
(39,)
(26, 40, 45, 76)
()
(1, 35)
(90,)
()
(93,)
(55,)
()
()
(71,)
(52,)
()
(79,)
(51,)
(2, 65)
()
(2, 36)
()
(96,)
(72,)
()
()
()
(48,)
()
(8,)
()
(2,)
(36,)
()
(4,)
(16,)
(3,)
(2,)
(62,)
()
()
(2,)
(23,)
(42,)
()
(71,)
()
(96,)
()
(1, 76)
(72,)
()
(25,)
()
(2, 33)
(16, 86)
(1, 42)
(7,)
(10, 32)
()
()
()
()
(9, 29)
(10,)
(1,)
(42, 92)
()
(66,)
()
()
(10,)
()
()
()
()
()
()
(1, 64)
(2, 25)
(2, 93)
(88,)
(1, 64)
(4,)
()
(29,)
()
()
(31,)
()
()
()
(12,)
(59,)
()
(2,)
()
(31,)
(10,)
(6, 90)
(71,)
()
(3, 33)
(24,)
(26,)
(35,)
(5,)
(15,)
()
()
(18,)
(32, 72)
()
(52,)
(61,)
(21,)
(0, 23)
(84,)
(33,)
()
(3,)
(1,)
(56,)
(3,)
()
()
(7,)
()
(1,)
(50,)
()
()
(16, 84)
()
(40,)
()
(1,)
(81,)
(4, 8)
()
(34,)
()
(2,)
()
(23,)
(27,)
(4,)
()
()
()
()
(41,)
(15,)
(5, 9)
(60,)
(97,)
()
()
(83,)
(14,)
()
()
(35,)
(46, 99)
(22,)
()
(5, 25, 38)
()
()
(4,)
()
(87,)
(32, 35)
()
()
()
(7,)
(15,)
(67,)
()
(31,)
(68,)
(5,)
(1,)
(6, 20, 45, 55)
()
(18,)
()
()
(39,)
(35,)
(2,)
(97,)
(32,)
(31,)
(6, 42)
()
()
(30,)
()
()
(71,)
()
(2,)
(68, 77)
(1, 64)
(2, 10)
(10, 18)
(3, 92)
()
(65,)
(87,)
()
()
()
(57,)
()
(36,)
()
()
(71,)
(22,)
(17,)
()
()
()
(99,)
(32,)
(0,)
(1, 4)
(3, 5)
(4,)
()
(1, 59)
(36,)
()
(32,)
(2,)
()
()
(3, 83)
()
()
(1, 76)
()
()
()
()
(56,)
(3,)
(0,)
()
(99,)
(32,)
(18,)
(2, 27)
(18,)
(7, 31)
(5,)
()
(1, 35)
(77,)
()
()
(86, 92)
(15, 63)
(10,)
(66,)
()
(96,)
(51,)
()
()
()
()
(0, 88)
()
()
(31,)
(77,)
()
(94,)
(0, 70)
(96,)
(12,)
()
()
(32,)
(2, 11)
(5,)
(81,)
()
()
()
(17, 72)
()
(7, 99)
()
()
(73,)
(83,)
()
()
()
(4,)
(15,)
(80,)
()
(1, 76)
()
()
()
(67,)
()
()
(2,)
(39, 66)
(72,)
()
(20, 47)
()
(57,)
()
(17,)
()
(81,)
(13,)
(59,)
(24,)
()
(8,)
()
()
()
(46,)
(96,)
(89,)
(47, 53)
(87,)
(1, 4)
()
()
(18, 22)
(88,)
(18, 36)
(8, 13)
(17,)
(87,)
()
(58,)
()
()
(3,)
()
(22,)
(10,)
(0, 79)
()
()
()
(5,)
()
(9, 77)
()
(4, 43)
()
()
()
(7,)
()
(2,)
(3,)
(34,)
(8,)
(11, 29)
(94,)
()
(88,)
()
(43, 83)
(32,)
()
(4,)
()
()
(5, 85)
(1,)
()
(47, 53)
()
(99,)
()
(9,)
(8,)
()
()
()
()
(18,)
()
()
(9,)
(65, 67)
(80,)
()
(8,)
()
(10,)
(16,)
()
(9,)
()
()
(1, 35)
()
(1,)
(2,)
(80,)
(0, 99)
()
(1,)
(80,)
(26,)
()
(82,)
()
(79,)
()
()
(42, 96)
()
(26,)
()
()
(7,)
()
(5,)
(89,)
(56,)
(5, 27)
()
()
()
(5,)
()
()
()
()
(60,)
(17,)
()
()
(61,)
(1,)
()
(14, 89)
(56,)
()
()
()
()
(1, 35)
()
()
()
()
()
()
()
()
()
()
(3,)
(9,)
()
(13, 70)
(1, 42)
()
()
()
(23,)
(16,)
(24, 77)
()
(97,)
()
()
(47,)
(71,)
()
()
()
()
()
(52,)
(47, 77)
(4,)
(16,)
(5,)
()
(60,)
()
()
(7,)
()
()
()
()
()
()
(96,)
(5,)
(86,)
()
(55, 84)
(48,)
(96,)
()
()
()
()
()
(3,)
(12, 92)
()
()
(30, 67)
()
()
(56,)
()
()
()
()
(14,)
(66,)
()
(24,)
()
(17,)
()
(1, 64)
(27,)
(4,)
()
(3, 52, 65)
(3,)
(4,)
(66,)
()
(71,)
(31,)
(58,)
(34,)
(87,)
(40,)
()
(86,)
(3,)
()
(39,)
(31,)
(22,)
(10,)
(3, 5, 11, 16)
(16, 83)
(15,)
(21,)
(2,)
(27,)
(4,)
(2,)
(30, 32, 96)
(47, 53, 93)
()
(47,)
(29,)
()
(8, 14)
()
(93,)
(1, 3)
(8,)
(39,)
()
()
(31,)
()
(24,)
(51,)
()
(59,)
(86,)
(65,)
(64,)
(9,)
(10,)
(40,)
()
(4, 5)
()
(86,)
()
(88,)
(2,)
(76,)
()
(79,)
(22,)
(9,)
()
()
()
()
()
()
(12,)
()
()
()
()
(99,)
()
()
()
(65,)
()
(81,)
(4, 36)
(1, 64)
()
(42,)
()
(7,)
()
(63,)
(4, 89)
(3, 22)
()
()
()
()
()
(27, 95)
(65, 80)
()
(21,)
()
(12,)
(3, 11, 87)
()
()
(90,)
(1,)
()
(2,)
()
(53,)
()
(42,)
()
(1, 10)
(21,)
()
()
(18,)
(24,)
()
(62,)
(53,)
(16,)
()
(1, 39)
(86,)
(32,)
(3, 5, 25)
()
(36,)
()
(5, 25)
(2,)
(23, 67)
(6, 20, 93)
(3,)
(65,)
(13, 30)
()
()
(4,)
(5,)
(86,)
(5,)
()
(18,)
(64,)
()
(17,)
(42, 47, 89)
(5,)
()
(82,)
(51,)
(5,)
(77,)
(81,)
(13, 14, 30)
()
()
(36,)
(26, 94)
(73,)
(1,)
(10,)
(14,)
(81,)
()
(4,)
()
()
(17,)
(1, 4)
()
(67,)
(8, 14, 27, 43)
()
()
(87,)
(65, 71)
(93,)
(31,)
()
()
(7,)
()
(39,)
(17,)
(84,)
(52,)
()
()
(23, 61)
(94,)
(3, 11, 54)
(93,)
()
(10,)
(10, 15)
(36, 71)
(2,)
(33,)
()
(38,)
(3,)
(4,)
()
()
(6, 42)
()
()
()
(76,)
()
(5,)
(8,)
(32,)
()
()
(11, 51)
(5, 85)
(59,)
(27,)
()
(77,)
()
()
(22,)
()
()
()
()
(16,)
(97,)
()
()
()
(36,)
(53,)
(1, 38)
()
(45,)
()
(8,)
()
(60,)
(43,)
(35,)
(80,)
()
()
(1, 64)
()
(35,)
(8,)
()
(86,)
(15,)
()
()
(51,)
(10,)
()
()
(14, 73)
(10,)
(39,)
(3, 5, 11, 16)
(34,)
()
()
(17, 41)
()
(10,)
(33,)
(44,)
(59,)
()
(12,)
()
(16, 93)
()
(18,)
()
(56,)
(14,)
()
(52,)
(5, 25)
()
(4,)
(36,)
(59,)
()
(35,)
()
(41,)
()
()
(1, 42)
()
()
(34,)
()
(91,)
()
(32,)
()
(36,)
()
(5,)
(0, 34)
(8,)
()
(10,)
(45, 69)
()
(13, 42)
()
()
()
(81,)
(8,)
()
(10,)
(27, 72, 87)
(3, 94)
()
(16, 83)
()
()
(25, 31, 65)
(5,)
()
()
(7, 97)
()
(85,)
(83,)
()
()
(54,)
()
()
()
()
()
(3, 11)
()
()
()
()
()
()
()
(3,)
()
(1, 64)
(36,)
(31,)
()
()
(6,)
(96,)
()
(2,)
()
()
(93,)
(60,)
(21,)
(33,)
(80,)
()
()
(15,)
(86,)
()
(42,)
()
()
()
()
()
(49,)
()
()
()
(42,)
()
()
(58,)
()
(5,)
(31,)
(52,)
()
()
()
()
()
(95,)
(90,)
(7,)
(73,)
(30,)
(1, 76)
()
(48,)
(7,)
(18, 38)
()
(45,)
()
(1,)
(96,)
(21,)
(29,)
(6,)
(0,)
(4,)
(0,)
(3,)
()
()
()
()
()
()
(10,)
(32,)
()
(6, 90)
(55,)
(80,)
(3,)
()
(10,)
(3,)
(92,)
()
(1, 64, 76)
()
(80,)
()
(56,)
()
(2, 3)
()
(4,)
(53,)
()
(33,)
(48,)
(5,)
()
()
(4,)
(26,)
(5,)
(5,)
(55, 64)
()
(8, 36)
(25, 86)
(10,)
()
(28,)
()
(24,)
(3, 22)
(23,)
(24,)
()
(87,)
(1, 4, 24)
(0, 9)
()
()
()
(82,)
(3, 5)
(18,)
(92,)
(72,)
(24,)
(18,)
(52,)
()
(21,)
(55,)
(21,)
()
()
(9,)
(93,)
(24,)
()
()
()
()
(7,)
(41,)
()
()
(23,)
(16,)
()
(15, 21)
()
(18,)
(31,)
()
(3,)
()
(13,)
(20, 43)
(86,)
(47, 53)
()
(62,)
(1, 55)
()
()
()
(48,)
(2,)
(18,)
()
(9,)
(83,)
()
(15, 21)
()
()
()
(27,)
(9,)
(21,)
(4, 66)
(4,)
()
(2, 10)
(32, 41)
()
()
(42,)
()
()
(66,)
(80,)
(79,)
(21,)
(12,)
()
()
()
(3,)
()
(2,)
(7,)
()
()
(47, 77)
()
()
()
(23,)
()
(13,)
(95,)
(2, 72)
(1,)
()
(3, 47)
(3,)
()
(1,)
(10,)
(51,)
(16,)
()
()
(93,)
(8, 14)
()
()
(8,)
()
()
(82,)
()
(43,)
(51, 55)
(5,)
(52,)
(2,)
(64,)
(96,)
()
()
(5,)
(9,)
(3, 54)
()
()
(1,)
(13,)
()
(13,)
()
(8, 14)
(2,)
()
(80,)
()
(39,)
(1, 75)
()
(2,)
()
(65,)
(9, 29)
(68,)
()
(3,)
(0, 44)
()
(3,)
(6, 89, 90)
(30,)
(21,)
(3, 50)
(5, 25)
(2, 10)
(5,)
(18,)
()
(7,)
(64,)
(5,)
()
()
(18, 37)
(21, 47)
(55,)
(86,)
(67,)
(77,)
(10,)
(77,)
(12,)
(6, 90)
(60,)
()
(5,)
(1, 7)
()
()
()
(96,)
()
(70,)
()
()
(27, 81)
(12,)
(1, 64)
()
()
()
(12,)
(62, 99)
(32,)
(88,)
(96,)
(1,)
()
(2, 10)
(9,)
()
(84,)
()
(48, 82)
()
(1, 64)
()
(9, 29, 46)
(47, 53, 73)
()
(1,)
(8,)
()
(8, 30, 67, 85)
()
(89,)
()
(2, 8, 55)
(65, 80)
(38, 51, 67)
()
(6, 42)
(86,)
(86,)
(5,)
()
()
(96,)
(57,)
()
(94,)
(10, 15, 58)
()
()
(1, 5, 11, 16, 75)
(35,)
()
(93,)
()
(4,)
(15, 63)
(8, 14, 36)
(45, 81)
(2,)
()
()
(86,)
(5,)
(8,)
(92,)
()
()
(81,)
()
(65,)
(27,)
(8,)
(27,)
(82,)
()
()
(1, 64)
()
()
(48,)
()
(10,)
()
(56,)
(68,)
(36,)
()
()
()
(12,)
(15,)
(87,)
(1,)
()
(7,)
()
(21, 51, 55, 57, 91)
()
(68,)
()
()
(36,)
(1,)
(92,)
(92,)
()
(5, 97)
(31,)
(22,)
(3, 51)
()
()
()
()
(10,)
(18,)
(5,)
(12, 22)
(66,)
(13, 30)
(53,)
()
()
(25,)
(77,)
(0, 41, 54)
(3,)
(61,)
(1,)
()
()
()
(35,)
(2,)
()
(2,)
()
(11,)
()
(16,)
()
(10,)
(82,)
(72, 87)
()
(2, 33)
(2,)
(91,)
()
(95,)
(3,)
()
(18,)
(0, 29)
(22,)
(9,)
(1,)
(36,)
(23,)
()
()
()
()
(17,)
()
()
()
()
()
()
(42,)
(14,)
(93,)
(14,)
(87,)
()
()
()
(9,)
()
(51, 67)
(2,)
()
()
()
(50,)
()
(41,)
(0, 43)
(0, 61)
(42,)
(0,)
()
()
(14,)
()
(27,)
()
(64, 76)
()
()
()
()
()
(18,)
()
(92,)
(1, 64, 89)
(5, 85)
()
()
(2,)
(77,)
(0, 61)
(49,)
()
(32,)
()
(0, 44)
()
()
(3, 9)
(3, 5, 99)
(80,)
(35, 96)
(97,)
()
()
()
(2,)
()
()
()
()
(41,)
()
(32,)
()
()
()
(9,)
(64,)
(27,)
()
()
()
(13, 36)
(25,)
()
()
()
(2, 25)
(95,)
(1, 27)
(5,)
(18,)
(31,)
()
(4, 55)
(31,)
()
(27,)
(22,)
()
(60,)
()
(10, 21, 59)
(77,)
(67,)
(83, 86)
()
(12,)
()
()
(29,)
(86,)
(5,)
(22,)
(15,)
(36,)
(5,)
(8,)
(82,)
()
()
(88,)
(67,)
()
(46,)
()
()
()
()
()
()
(7, 8)
(20,)
()
(2,)
(56,)
(2, 10)
()
(21,)
()
(21,)
(18,)
(35,)
(89,)
(65, 71)
()
(4, 36)
(3,)
()
(2, 6)
(60,)
(99,)
()
()
(1,)
()
()
()
()
(4,)
()
()
()
(27,)
()
()
(1,)
(25, 26)
(1, 6, 27)
(2, 10)
(2,)
(19,)
()
(8, 42)
(5,)
(48,)
(97,)
(92,)
(17,)
(5,)
(18,)
(65, 71)
()
()
()
()
()
(40,)
()
()
(96,)
()
()
(26,)
()
()
(14, 73)
()
(4, 39)
()
()
()
()
(99,)
()
()
(53,)
()
(25,)
(42,)
(0, 6, 84)
(86, 97)
()
()
(22, 48)
(2,)
(7,)
(87,)
()
()
(18,)
(3,)
(17,)
(1,)
(50,)
(86,)
(2,)
()
()
()
()
(56,)
(16, 38)
(36,)
(2,)
()
()
(27,)
(94,)
()
()
(18,)
()
(11,)
(62,)
()
(10,)
()
(1, 64)
(24,)
()
(10, 27)
()
(3, 52)
(2,)
(4, 36)
(36,)
()
(40,)
(60,)
()
(77,)
()
(8,)
()
(21, 51)
()
(12,)
()
(3,)
(48,)
(47,)
()
()
(1, 10, 76)
()
()
(0, 61)
(60,)
()
()
()
()
()
(40,)
(3, 36, 65)
()
(7, 11, 54)
()
(25, 92)
()
(12,)
(3,)
(46, 61)
()
(33,)
()
(80,)
(0, 12, 34, 83)
()
(87,)
()
(15, 61)
(7, 11)
(8,)
(6, 20)
(41,)
(35,)
()
()
()
(64,)
(83,)
()
(22,)
()
(71,)
(66,)
(4,)
()
()
()
()
(10,)
(82,)
(6,)
()
()
(39,)
()
()
(93, 97)
(1, 35, 75)
(36,)
(90,)
()
(15,)
(27,)
(60,)
()
(46,)
()
()
()
(10,)
(10, 56)
(69,)
()
(29,)
(33,)
()
(7,)
()
(55,)
()
(34,)
()
()
(79,)
(9, 29, 46, 52)
(2,)
(93,)
()
(32,)
()
(31,)
(8, 74)
(93,)
(86,)
()
()
(3,)
()
(13,)
()
(5,)
(6,)
()
(3, 5, 31)
()
(1,)
(79,)
()
(36,)
()
(14, 73)
(1, 64)
(2, 9)
()
(95,)
()
(40, 79)
(15, 63)
(0,)
(3,)
()
(65,)
()
(87,)
(2, 10)
(82,)
()
()
()
()
()
(41,)
(92,)
(4,)
()
(9,)
(95,)
(7, 20, 42)
(64, 76)
()
()
()
(4,)
()
(1,)
(45, 81)
(53,)
()
()
(27,)
(42,)
(7,)
(2, 3, 10)
(7,)
(18,)
(18,)
(93,)
(72,)
(18, 39)
()
(88,)
()
(1, 89)
(28,)
()
(9, 42)
()
()
(1,)
(7,)
(90,)
(2,)
(35,)
()
(56,)
(8, 30)
(4,)
(73,)
(83,)
(13, 74)
(8, 74)
(86,)
()
(86,)
()
()
()
(5,)
()
(1,)
()
(79,)
(8,)
()
(86,)
()
()
(86,)
()
()
(65, 71)
(3, 36)
()
()
(40,)
()
(9,)
()
(8,)
()
()
()
(53,)
()
(15, 63)
(90,)
()
()
()
()
(1, 32)
(56,)
(10,)
(62,)
()
(60,)
(76,)
(8, 68)
()
()
(14,)
(74,)
(48, 60)
(2,)
(16, 83)
(8,)
(0, 12, 42)
(10,)
()
()
(77,)
()
()
(46,)
()
()
(0, 61)
()
(7,)
(10,)
()
(10,)
()
(14, 67, 73)
(73,)
(36,)
(0, 3, 5, 16, 47)
()
()
()
()
(1,)
(4, 8)
(86, 92)
(2,)
(36,)
(4, 89)
(5, 18)
(10,)
(2,)
(59, 77)
()
(2, 69)
(41,)
(34, 77)
(80,)
()
(15, 63)
(35,)
(96,)
()
(8,)
()
()
(7, 31)
()
()
()
()
(41,)
(82,)
(27,)
(68,)
(20,)
(77,)
()
()
()
(90, 96)
(30,)
(80,)
(38,)
()
(18,)
(61,)
()
(27,)
()
()
(13,)
()
(2,)
(46,)
()
()
()
(4, 89)
(1,)
()
()
(31,)
()
()
(95,)
(55, 77)
(64,)
(51,)
(52,)
(27, 62)
()
()
(13,)
(50,)
(94,)
(14, 74)
(11, 62)
()
(2,)
()
(56,)
(1, 75)
(8, 68)
(86,)
(33,)
()
(8,)
(69,)
()
(10, 14)
(18,)
()
(38,)
()
(4,)
()
()
(90,)
()
(21,)
()
(51,)
(33,)
(59,)
()
()
()
()
(1, 84)
(4,)
(9, 12)
()
(65,)
(35,)
()
()
(0, 44)
(2,)
()
()
(57,)
(7, 77, 99)
()
(1,)
(32,)
(31, 40)
(99,)
(1, 39)
()
(53,)
()
()
()
()
()
(77,)
(25,)
(14,)
(16,)
(2, 89)
(3,)
()
(56,)
(40, 63)
()
(18, 39)
()
()
(64,)
(15, 57)
(1,)
()
(0, 61)
()
(15,)
()
(23,)
(59,)
(42,)
()
(30,)
(4, 55)
(62,)
()
()
()
()
()
()
(60,)
(3,)
(63,)
()
(1, 64)
()
(94,)
(3, 86, 92)
()
()
(92,)
()
(2, 5)
()
()
()
(86,)
()
(2,)
(4, 13, 52)
(77,)
()
()
()
(2, 3)
()
(1,)
(51,)
()
(7,)
(5,)
(9,)
()
()
(67,)
()
()
(55,)
(7,)
()
()
(22, 42)
()
(79,)
(1, 75)
(61,)
(83,)
(12, 24)
(2, 56)
()
(81,)
(27,)
()
()
()
()
()
(30,)
()
()
(60,)
(88,)
(89,)
(59,)
(24, 65)
(23,)
(67,)
(5, 35)
()
()
()
()
(1, 83)
(5,)
()
(21,)
(86,)
()
(38,)
(5, 25)
(5, 46, 85)
()
()
(82,)
()
(76,)
()
(70,)
(3,)
()
()
(8,)
()
(90,)
()
()
()
(0, 47)
()
(35,)
(66,)
()
()
(3,)
()
(48,)
(7, 84)
(20, 33, 88)
()
(2,)
()
(89,)
(67,)
()
()
(24,)
(62,)
()
()
()
()
(13, 74)
(76,)
()
()
()
(62,)
()
()
(60,)
(40,)
(56,)
()
(31,)
(1, 72)
(57,)
(25,)
(27, 88)
()
()
()
()
()
()
()
(1, 42, 48)
()
(83,)
()
()
(21,)
()
()
(1, 17)
()
(1,)
(48,)
()
(2, 10)
()
(5,)
(11,)
()
(80,)
()
(65, 71)
(4,)
(21,)
(32,)
()
(27,)
()
()
()
()
(3, 92)
()
()
(24, 62)
()
(81,)
(5,)
()
(43,)
(4,)
(5, 25)
()
()
(56,)
(1,)
(4,)
(1, 59)
()
(5,)
(5, 85)
()
()
()
()
()
(3,)
(2,)
(32, 93)
(9, 29, 71)
()
(86,)
(7,)
()
()
()
(13,)
()
(1, 64)
(67,)
(22,)
(21,)
(16, 83)
(13,)
(13,)
()
()
(25,)
()
()
()
()
(13,)
()
()
(7, 22)
()
()
(9, 24)
(56,)
()
(92,)
()
()
(38, 51)
()
(59,)
(94,)
()
(23,)
(66,)
(14, 42)
(4,)
()
()
(13,)
(60,)
(16, 64)
(86,)
()
()
(23,)
(56,)
(69,)
(23,)
(2,)
(10,)
(3, 38)
()
()
(3, 44, 53)
(27,)
()
(1, 99)
()
()
(1,)
()
(0,)
(39,)
(10,)
()
(2, 10)
(13, 41)
(1,)
(1, 64)
(42, 88)
()
()
()
()
(89,)
(3,)
(2, 84)
(90,)
()
(4,)
(95,)
(10,)
(1, 64, 97)
(46,)
()
(3, 52)
()
()
(25, 83)
(46,)
(31,)
(80,)
(96,)
()
(80,)
(5,)
(18,)
(13, 38, 55)
(79,)
()
(18,)
(3, 33)
(94, 99)
(46,)
(22,)
(61,)
(78,)
()
(8,)
()
()
(66,)
()
(1, 99)
(58,)
()
()
(6, 20)
(56,)
()
(3,)
(31,)
()
(41,)
(6, 19)
(30,)
()
()
(24,)
(52,)
(60,)
(5,)
(22,)
(96,)
(5, 25)
(12, 22)
()
(10,)
()
(4,)
(5,)
(7, 27)
(24, 27, 62)
(71,)
(62, 82)
()
()
(7,)
(36,)
(16, 86)
()
()
(39,)
()
(1, 4)
(43, 58)
(65, 71)
()
(81,)
(27,)
(2,)
()
(51,)
(3,)
(48,)
(53,)
()
(18,)
()
(16,)
()
()
()
(18, 37)
(44,)
(96,)
()
()
()
(31,)
()
(76,)
(21,)
(2, 33)
(31,)
()
(81,)
(8,)
(23,)
()
()
(53,)
()
(4,)
(61,)
(20, 33)
()
(32,)
()
(42,)
()
()
()
(23, 99)
()
()
(88,)
(8,)
(68,)
(1, 76)
(86, 92)
()
()
()
(5, 38, 49)
(51,)
()
(2,)
()
(62,)
(59,)
()
(5,)
(8,)
(7, 82)
(9, 29)
(55,)
()
(3, 33)
(4,)
(69,)
()
()
()
()
(62,)
(18,)
(7, 89)
(87,)
(23,)
(7,)
(65,)
(32,)
(32,)
()
()
()
(1,)
()
(3, 52)
(8, 68)
()
()
()
()
(9,)
()
(2,)
(5,)
(2, 10)
(3, 94)
(72,)
(17,)
(76,)
(36,)
(76,)
()
()
(69,)
()
(18,)
()
(2, 10)
(18,)
(18,)
(2,)
(1, 75)
(39,)
()
(48,)
(4,)
()
()
()
(95,)
(49,)
(87,)
(66,)
()
(48,)
()
()
()
(5, 85)
()
(86,)
()
(7, 31)
(2, 10)
(10, 79)
()
()
()
()
(2,)
()
(72, 87)
()
(8,)
(68,)
(2,)
(7, 31)
(60,)
(41,)
(15, 76)
(19,)
()
()
(17, 81)
(5,)
()
()
()
(87,)
(34,)
(32,)
()
()
()
()
(2,)
(2,)
(11,)
(60,)
()
()
()
()
()
(4,)
(42,)
()
(41, 46)
(92,)
(65, 71)
(2,)
(10,)
(12,)
(2,)
()
(51,)
()
(59,)
(7,)
(1, 4)
(16, 67)
()
(18,)
()
()
()
(99,)
()
()
(17, 78)
(51,)
(6,)
(1, 64)
()
()
(23,)
(31, 54)
(18,)
(7,)
()
()
()
(87,)
(5,)
(62,)
()
(24,)
()
(96,)
(2,)
()
(0, 61)
(2, 24)
()
()
()
(24,)
()
()
(16,)
()
(16,)
(9, 29)
(10,)
(59,)
()
(24,)
(25,)
()
(25,)
()
()
(80,)
()
(2,)
()
()
(88,)
(60,)
(12, 42)
()
()
(47,)
()
(5, 25)
()
(3,)
()
(26, 46)
()
(21,)
(3,)
()
(32,)
(29,)
()
(8, 30)
(9,)
()
()
()
()
()
(17, 93)
(90,)
()
()
()
(1,)
(22,)
(13,)
(25,)
(51,)
(18,)
(34,)
()
()
(88,)
()
(77,)
(42,)
()
(10,)
(93,)
()
()
(82,)
()
()
(1, 42)
(51,)
()
(4,)
()
(35,)
(4, 89)
()
()
(3, 71)
(51,)
(14, 30)
()
(0, 42, 89)
()
()
()
(18,)
()
()
(1,)
()
(95,)
()
()
(1, 64)
()
()
(22,)
(0,)
(99,)
()
(3, 5, 11, 16, 27)
()
()
()
()
(71,)
()
()
()
()
(1, 48)
(24,)
()
()
(36,)
(13,)
(80,)
(71,)
(3,)
(7,)
(5, 82, 85)
(45, 76, 94)
(10,)
(4,)
()
(7,)
()
()
()
()
(62,)
()
(60,)
(10,)
()
(13,)
()
(50,)
()
(5,)
(10,)
(27,)
()
(86,)
(1, 39)
(80,)
(4,)
(40,)
()
(30,)
(2,)
()
(2,)
()
()
(5, 54)
(10,)
(21,)
()
()
()
()
(24,)
(2,)
(13,)
()
()
()
(2, 35)
(2, 72)
()
()
()
(48, 60)
(15, 18)
(7, 22)
()
()
()
()
()
(62,)
(10,)
(8,)
()
(66,)
()
(94,)
()
(71,)
()
(7,)
(2, 56)
(15,)
(36,)
()
()
(66, 77)
(4,)
(45,)
(51, 55)
(22,)
()
(1,)
()
()
()
(92,)
(25,)
(51,)
(18,)
()
()
()
(5, 92)
(55,)
()
()
(62,)
(32,)
()
(2,)
(36,)
()
(5,)
()
(73,)
()
(22,)
(45, 76)
()
(27,)
()
(50,)
()
(39,)
(27, 77)
()
(2, 3, 5, 65)
(95,)
(6,)
(2,)
()
(9,)
()
()
(87,)
(16,)
(79,)
(13,)
()
(36,)
(15, 61)
(90,)
(54,)
(65,)
(16, 83)
(30, 89)
(3,)
()
(58,)
(3,)
(18,)
()
(36,)
()
()
()
()
(8, 74)
()
(22,)
()
(3,)
(77,)
(5,)
()
(70, 99)
()
(1,)
(56,)
()
(1, 27)
(0,)
(4,)
(72,)
()
(93,)
()
()
(93,)
()
(68,)
()
()
(88,)
(7,)
(1, 97)
()
()
()
(67, 99)
()
(29,)
()
(1, 76)
()
()
(92,)
()
(67,)
(5,)
()
(35,)
(9, 29)
()
(57,)
(14,)
()
()
(94,)
()
(29,)
()
(77,)
(2, 5)
()
()
(18,)
(4,)
(16, 86, 92)
(51,)
(39,)
()
()
()
()
()
(41,)
()
()
()
()
(93,)
()
(25, 66)
()
(7, 31)
(1,)
()
(2, 86)
(93,)
(34, 44)
()
(67,)
(2, 19)
()
(52,)
(62,)
(53,)
(21,)
(23,)
(37,)
()
(17, 41)
(8, 68)
(2, 33)
(0, 89)
()
()
()
(58,)
()
(88,)
()
(3,)
()
(13, 71)
(16, 86, 92)
()
()
(5, 25, 83)
(42,)
(28,)
()
()
()
(1, 23)
()
(3, 88)
()
(2, 5, 38)
()
(79,)
()
(56,)
()
(3,)
()
(70,)
()
(1, 32)
()
()
(27,)
()
(36,)
(32,)
()
()
(9, 42, 53)
(13,)
(99,)
(15,)
()
(5, 52, 85)
(8,)
(89,)
()
()
()
(22, 43)
()
(4, 9, 55)
(5, 85)
()
(47,)
()
(23, 33)
(80,)
()
(28,)
(8,)
(9,)
(7,)
(0, 43)
(86,)
()
()
(8, 13, 68)
(69,)
(55,)
()
()
()
()
(1,)
(1, 64)
(48,)
()
()
(87,)
(73,)
()
()
(24,)
()
()
(79,)
(13,)
(0, 9, 12)
()
(35,)
()
(36,)
(0, 44, 52)
()
()
(14,)
()
()
(61,)
()
()
(35,)
()
()
()
(83,)
()
(2, 33)
()
()
(1, 75)
(32,)
()
()
(3,)
(58,)
(10, 15)
(4,)
()
(10, 17)
(97,)
()
(6,)
()
(0, 61)
()
(31,)
()
(3,)
(42,)
(2,)
()
(87,)
()
()
(0, 23)
(8,)
(2, 24)
()
(16,)
(7, 77)
(77,)
()
()
()
()
()
()
()
(38,)
(1,)
()
()
(55, 81)
(15, 63)
(47,)
(1,)
(0, 79)
()
()
()
(1,)
()
(1,)
()
(62,)
()
()
()
(4,)
(25, 64)
(8,)
(10,)
(3,)
(5,)
(93,)
()
(2, 77)
(25,)
(8, 13, 30, 68)
()
()
()
()
()
()
(13,)
()
()
()
()
()
()
(25,)
()
(7, 84)
()
()
()
(3,)
()
(65,)
(15,)
(47, 53)
()
(96,)
()
()
(32,)
(10,)
(29,)
()
(93,)
(59,)
(85,)
()
(60,)
(93,)
()
()
()
()
(35,)
(50, 70)
(5, 25)
(47,)
(29,)
(8,)
()
(59,)
(51,)
(2, 3)
(5,)
()
(17,)
(10,)
()
(6, 61)
(67,)
()
()
(5,)
(13,)
(29,)
()
(4, 26)
()
(78,)
()
(93,)
(3, 43)
(23,)
(18,)
(32,)
(7, 84)
()
(2, 87)
(22, 36, 65)
()
()
(6, 90)
()
(86,)
(62,)
()
(3, 47)
(48,)
(95,)
()
(10,)
(48,)
()
()
()
(81,)
()
(71,)
(5,)
()
()
(2,)
(8,)
()
(8, 52)
(1,)
(4,)
(55,)
(1,)
()
()
()
(67,)
()
()
(22,)
()
()
(2, 10, 38)
(16,)
()
(2, 56)
(0, 79)
(24,)
()
()
()
()
(2, 24, 81)
(12, 16)
(81,)
(59,)
()
()
()
(96,)
()
(3,)
()
()
(55,)
(5, 83)
(24,)
(96,)
(3,)
(25,)
(59,)
(32,)
()
(24,)
()
(10,)
()
(1, 76)
()
(51,)
(61,)
()
(2,)
(1,)
(33,)
(7,)
()
(34,)
()
()
(89,)
(55, 81)
(87,)
(21,)
(53,)
()
()
(7, 66)
(6, 58, 87)
(94,)
()
(22, 78)
()
(45,)
()
(8, 13, 14, 56)
(2,)
()
(9,)
(0, 61)
()
()
()
()
(18,)
(2,)
(46,)
()
(10, 94)
()
(59,)
()
(26,)
()
()
()
()
(1,)
(25,)
()
(17,)
(31,)
(2, 27)
(52,)
(11,)
(24, 99)
(57,)
()
()
(5,)
()
(5, 16)
(47, 79)
()
()
()
(5,)
()
(8,)
(67,)
(56,)
()
()
(29,)
()
(31,)
()
(4,)
(5,)
()
(39,)
()
()
(18, 97)
()
()
()
()
(10,)
(54,)
()
(1, 43)
()
(25, 36)
(32,)
(2, 90)
(1,)
()
(88,)
()
(3,)
()
()
()
(13,)
(29,)
()
()
(62,)
()
(21, 63)
()
(2, 10)
()
()
(67,)
()
(29,)
()
()
()
()
(50,)
()
()
()
(68,)
()
(8, 38, 52)
()
(20, 47)
()
()
(52,)
(21,)
(22,)
(77,)
()
(43,)
()
(1, 59)
()
()
(27,)
(41,)
(3,)
(36,)
(29,)
(0, 44)
()
()
(25,)
(0, 99)
()
()
(4, 35)
()
()
()
()
()
(38,)
(5,)
(4, 89)
()
(2, 25)
()
(7,)
()
(83,)
()
()
(5,)
()
(25, 29)
()
()
(31,)
(3, 36)
(5, 25)
()
()
()
(34,)
(1, 50)
(86,)
(2,)
(13,)
(39,)
()
(64, 76)
()
()
()
()
(5, 85)
()
(89,)
(76,)
(1, 35)
(13, 14)
(72,)
(7,)
(13,)
()
()
()
(51, 79)
(53,)
(1,)
()
(33,)
(3,)
(27,)
()
()
(12, 53)
(87,)
()
(24, 61)
(35,)
()
()
(13,)
()
(21,)
()
(51,)
(21,)
(24,)
()
(0, 47)
(67,)
()
()
()
()
()
(89,)
()
(62,)
(18,)
(3,)
(35,)
()
()
()
()
()
()
(23,)
()
()
()
(59,)
(2, 27)
()
(32,)
()
(58,)
(5,)
(69, 76)
()
(51,)
(18,)
()
()
()
()
(39,)
()
(33,)
()
(82,)
(60,)
(3, 38)
()
()
(65,)
(91,)
()
()
()
()
(25,)
()
()
(3,)
(31,)
(5, 83)
(60,)
(2,)
(3, 22)
()
()
(82,)
()
(17,)
(1, 64)
(5,)
()
(66,)
(40, 59, 94)
()
()
(18,)
()
()
(7,)
()
(15,)
()
()
(63,)
(18,)
(4,)
(0, 79)
()
(23,)
(42,)
(30,)
()
()
(1, 67)
(5, 25)
(2,)
(26,)
(3,)
(90,)
(52,)
(23,)
(1, 75)
(41,)
()
()
()
()
(21,)
(3, 38)
()
(86,)
()
()
(17,)
(15, 63)
(14, 23)
(35,)
(17,)
(31,)
()
(8,)
(1, 64)
(25, 60)
(0, 12, 51)
()
(26,)
(1,)
()
()
()
()
()
(22,)
()
()
()
()
()
(95,)
()
()
(3,)
(8,)
(62,)
(7, 42)
(40, 57)
(80,)
(5,)
(5,)
(8,)
(79,)
()
(18,)
(42,)
()
()
(52,)
()
()
(79,)
(17,)
()
()
()
(88,)
()
(94,)
()
()
(87,)
(15,)
()
(10,)
()
()
()
(0, 44)
(1,)
(7,)
()
()
()
()
(83,)
(5,)
(16,)
(15,)
(5,)
()
(31,)
(17,)
()
(3,)
(24,)
(7,)
(39,)
()
(10,)
()
()
(55,)
(86,)
(58, 71, 80)
()
(65,)
(18,)
(76,)
(43,)
()
(1,)
()
(32,)
(86,)
(4, 89)
()
()
(71,)
(59,)
(17,)
(9, 34)
()
(58,)
(95,)
(35,)
(23, 43)
()
()
(31,)
(1,)
(51,)
()
(4, 55)
(83,)
(56,)
()
(14,)
(2, 56)
(4, 15)
()
(3,)
(93,)
()
(40,)
()
()
()
()
(33,)
(62,)
()
(80,)
()
()
(9,)
(10,)
()
(46,)
()
()
(72,)
()
(42,)
()
(2,)
(3, 52)
(95,)
()
()
(8,)
()
()
(4,)
(18,)
(4,)
(77,)
(2, 10, 45)
(1, 75)
(5,)
()
(96,)
()
(8,)
()
()
()
(4, 89)
(36,)
()
()
(42,)
()
(7,)
(25,)
(12, 97)
(18, 94)
()
()
(51, 79)
(92,)
(16,)
()
(6, 27, 39, 58)
(10,)
()
()
(8,)
()
(8, 13)
()
()
()
(93,)
(70,)
(33,)
()
(17, 58)
()
(91,)
(24,)
(77,)
(8,)
(33,)
(35,)
()
(31,)
()
(18,)
()
(80,)
(5, 9)
()
(88,)
(15,)
(21,)
()
()
()
(0, 27)
()
(22,)
()
(4,)
(80,)
(23,)
()
(0, 14, 61)
(68,)
()
(5,)
(8,)
()
(51,)
()
()
()
()
(87,)
(25, 38)
(35,)
(20,)
(17,)
()
(13, 20, 81)
(1,)
(8,)
(87,)
()
(12,)
(50,)
(10,)
()
()
(2,)
(59,)
(3, 9)
(4,)
(25,)
()
(5, 85)
(38,)
()
()
()
(80,)
()
()
(8,)
(40,)
(13, 14, 32)
()
()
(59,)
(10,)
()
(13,)
()
(3,)
(65, 71)
(7,)
(76,)
(0, 34)
(25,)
(24, 65)
()
()
()
()
(1,)
()
(36, 56)
()
()
(0, 61)
(41,)
()
()
(1, 18)
()
()
(4,)
(36,)
(88,)
(1,)
()
(67,)
(8, 13, 14)
(33,)
(38, 94)
()
(83,)
(14,)
(5, 16, 86)
()
(21,)
()
(0, 44)
(99,)
()
(4,)
()
(18, 37)
()
(2, 8)
(7,)
()
()
()
(36,)
(61,)
(51, 88)
(1, 4)
(59,)
()
(4,)
()
()
()
()
(25,)
(67,)
(77,)
(1,)
(34,)
()
()
()
()
()
(1, 64)
()
()
()
(36,)
(67,)
(12, 51)
()
(27, 81)
(1,)
()
(27,)
()
()
()
()
(48,)
(3, 5, 30)
(26,)
(45,)
()
(58,)
()
()
(9,)
(21,)
()
(4,)
(1, 11, 16)
()
(4, 54)
()
(2, 65, 71)
()
(60,)
(77,)
(27, 62)
()
(37,)
(1, 64)
(29, 76)
()
()
(59,)
()
(24, 55)
(34,)
()
()
()
(0, 51)
()
(99,)
(64,)
(71,)
()
(2,)
(12,)
()
(18, 38)
()
(44,)
()
(6, 90)
(52,)
()
()
()
(2,)
(83,)
()
(8,)
()
(79,)
(51,)
(47, 53)
()
(62,)
()
(0, 79)
(7, 24)
()
()
(5, 11, 25, 85)
()
()
(7, 71, 78)
(1, 64)
()
(5,)
()
(72,)
()
()
(8, 16, 68)
()
(1,)
()
()
(5,)
()
(18,)
(9, 29)
()
()
()
(31,)
(4,)
(8,)
(21,)
(13,)
(88,)
(20,)
(24,)
()
(42,)
(2,)
()
(16,)
()
()
(4, 60)
()
()
(94,)
(17,)
()
(2, 66)
()
()
()
(0, 43)
(2,)
(13, 80)
()
(9,)
(42,)
(9,)
()
(2, 38)
(3, 86)
()
()
()
(1, 75)
(8, 85)
(36,)
(48,)
(5, 25)
(5, 25)
()
()
(3, 86)
(56,)
(4,)
()
()
(5,)
()
(93, 96)
(12,)
()
(12,)
()
(12,)
()
()
()
()
(2, 32)
()
()
(8,)
()
()
()
()
(58,)
()
(21,)
(48,)
()
(4,)
()
(25,)
(3, 11, 83)
(86,)
()
(41,)
(5,)
()
()
(5,)
()
(33,)
(18, 22)
(51,)
(27,)
()
(65,)
(53,)
()
()
(25,)
()
(31,)
()
(25,)
(80,)
()
()
()
()
()
(26, 63)
(42,)
(7,)
(5,)
()
()
(11, 16)
(30,)
(66,)
(76,)
()
()
(4,)
(48,)
(14,)
(15, 61)
()
(0,)
(1, 64)
(4,)
(17, 90)
(62,)
()
()
(67,)
(24,)
()
()
(22,)
(96,)
(1, 76)
()
()
()
(97,)
(0,)
(2,)
(2, 87)
(52,)
(4,)
(1, 43)
(4, 15, 63)
()
(9,)
(71,)
(9, 25)
(62,)
(62,)
(68,)
(27,)
()
()
()
(4,)
(73,)
(4, 89)
()
()
(10, 42)
(7, 31)
()
()
(36,)
(56,)
(1, 4, 38)
()
()
()
(62,)
()
()
(60,)
()
(39,)
(2, 3)
()
()
(38, 94)
(2, 3)
(59, 89)
()
(4,)
(70,)
(31,)
(7,)
(24,)
(56,)
()
()
()
()
()
(51, 71)
(42,)
()
(11,)
(1,)
()
(5, 85)
()
(27,)
()
(7, 84)
()
(1,)
()
(0, 61)
(22,)
(9,)
()
()
()
(0, 61)
(82,)
(5,)
()
(52,)
(6,)
(64, 76)
(42, 97)
(24,)
(79,)
(42,)
()
(2,)
()
(5,)
(2,)
(1, 81, 90)
(29,)
()
()
(86,)
()
(2, 45)
(67,)
()
()
(46,)
(3,)
(3,)
()
()
()
(61,)
()
(80,)
()
()
(51,)
()
()
(8,)
(14,)
()
()
(35, 55)
()
(87,)
(88,)
()
()
()
(4,)
(27,)
(7,)
(1,)
()
()
(66,)
()
(45, 79)
(7,)
(1, 76)
(83,)
(10,)
()
()
()
(14,)
()
()
(21,)
(5, 11, 16, 85)
(24, 40)
()
()
(13,)
()
()
(5, 54)
(2, 5, 10)
()
(4,)
(5, 85)
(0, 44)
()
()
()
(22,)
()
(56,)
()
()
()
(5,)
()
()
(43,)
()
(76,)
()
(4,)
()
(1,)
(10,)
()
(93,)
()
(93,)
()
()
()
(27,)
()
()
(15, 53)
(56,)
()
(10,)
(8, 14)
()
(14,)
()
(8,)
(22, 41)
()
(8,)
(4,)
(67,)
(12,)
(45,)
(4,)
()
()
(51,)
()
(27,)
()
(86, 92)
()
()
()
(1, 64)
()
()
()
()
(13, 14, 74)
(82,)
(1, 75)
(5,)
(4,)
(1,)
(18,)
()
()
(86,)
()
(91,)
()
(51,)
()
()
(2,)
(56,)
(1,)
(47,)
(16, 50)
(2,)
(82,)
(88,)
()
(1,)
(45, 51)
(8, 32)
(47,)
(87,)
(77,)
(10,)
()
(8, 17)
()
()
()
(11,)
()
()
(11, 16, 92)
(65,)
(93,)
(95,)
()
(24, 47, 53)
()
(15, 26)
(60,)
()
()
(30,)
(45,)
()
(18, 40)
(4, 89)
(18, 65)
()
()
()
(79,)
(13,)
()
(10,)
(18, 93)
()
()
()
(5,)
()
(21,)
(2,)
(3,)
(80,)
(57, 93)
()
(2,)
(60,)
()
(18,)
(1, 4, 38)
()
(31,)
(8,)
()
()
(77,)
()
()
(18,)
(16, 83)
(8, 36)
()
()
(7,)
(22,)
(31,)
()
(3, 5, 25)
(5, 54)
(90,)
()
()
()
(77,)
(8,)
()
(35,)
()
()
()
()
(33,)
(5, 85)
(59,)
(24,)
()
()
()
(90,)
(1, 64)
(4, 99)
(33,)
(12, 21)
(60,)
(2,)
(29,)
()
(38,)
(2, 55)
()
(7, 96)
(1, 33)
()
()
()
()
(24,)
()
()
()
()
(36,)
(24,)
()
(2,)
(15,)
(13,)
()
()
()
(3, 92)
()
()
(7,)
()
(36,)
(5,)
(64,)
(67,)
(24, 86)
(50, 89)
(21,)
(65, 71)
()
(2,)
(18,)
(2,)
(80,)
(33, 38)
(68,)
(25,)
(35,)
(31,)
(77,)
()
()
(56,)
()
()
()
(92,)
()
()
()
(55,)
(6,)
(86,)
()
(88,)
(18,)
()
(14,)
(93,)
()
(31,)
(29,)
(3, 5, 22)
(3,)
()
()
()
(2,)
(15,)
(56,)
()
(72,)
(71,)
(30,)
(42,)
()
(96,)
()
(27,)
(3,)
(96,)
()
(21,)
(3, 61)
(18,)
(27,)
(0, 27)
()
()
(21,)
(32,)
(43,)
()
(43,)
(97,)
()
(77,)
()
()
(45, 51)
()
(0, 23)
()
()
()
(58,)
(31,)
()
(61,)
(21,)
(24,)
()
()
(81,)
(1,)
(2,)
()
()
(25,)
(2,)
()
(1,)
(4, 6)
(24,)
()
()
(42,)
()
()
(9, 38)
()
(3,)
(4,)
()
()
()
(25,)
(87,)
(38,)
()
(21,)
()
()
()
()
()
(1,)
()
()
(0, 61)
(10,)
()
(48,)
(5,)
(1, 10)
(9,)
()
()
(42,)
()
()
(52,)
(5, 38, 85)
(90,)
(28,)
(23, 66)
()
(3,)
()
()
(30,)
()
()
(18,)
(32, 56)
(5, 54, 86)
(10,)
()
(18,)
(88,)
()
(59,)
()
(6, 42)
()
()
()
(18,)
(8, 89)
(97,)
()
()
(64,)
()
(0, 61)
(59,)
(45, 83)
(5, 18)
(2,)
()
()
(13,)
(82,)
(3, 80)
(3, 90)
(93,)
(6, 90)
(8,)
(22,)
(15,)
()
(2, 77)
(4, 63, 89)
()
()
()
(2, 82)
()
()
()
()
(3, 5)
()
(15, 26)
()
(87,)
()
(7,)
(52, 94)
()
(23,)
()
(34,)
(5, 25)
(36,)
()
(4, 99)
(4,)
()
()
(96,)
()
(2,)
()
(7,)
(15, 82)
()
()
()
(18,)
()
()
()
()
(2,)
(15, 21, 43)
()
()
(9, 36)
()
(1, 75)
(25,)
(83,)
()
(15,)
(2, 56)
(1,)
()
()
()
()
()
()
(62,)
()
(87,)
(24,)
(62,)
()
()
()
(71,)
()
