F1score=0.514715845052
Use title in 20k_train.txt 5k_test.txt
Use bag_of_words and SVC to run the model

(7, 84)
(48, 82)
()
()
(84,)
(32,)
(4,)
(1,)
(15,)
()
()
(10,)
(97,)
(45,)
(84,)
(99,)
()
(0,)
()
()
(39,)
(45, 76)
()
(1, 35)
(43, 90)
()
(93,)
(81,)
()
()
(71,)
(52,)
(21, 91)
(79,)
(51,)
(2, 65)
(33,)
(2, 36)
()
(96,)
(72,)
()
(40,)
()
()
(17, 20)
(8,)
()
(2, 33)
(36,)
(63,)
(4,)
(11, 16)
(3, 16)
(2,)
(62,)
(43,)
()
(2, 78)
(23,)
(42, 44)
()
(71,)
(11,)
(31, 96)
(16,)
(76,)
(69, 72)
(65,)
(25,)
()
(2, 33)
(16, 83, 86)
(1, 42)
(7, 24)
(10, 32)
(51,)
()
()
()
(29, 46)
(10,)
(1,)
(42, 92)
()
(66,)
()
()
(10, 15, 63)
(0,)
()
()
(16,)
(33,)
(15, 26, 76)
(64,)
(2, 25)
(2, 93)
(88,)
(1, 64)
(4,)
()
(9, 29, 46)
()
()
(31, 40)
(17, 60)
()
()
(12,)
(10, 15, 59)
()
(2,)
(91,)
(7, 31)
(10, 54)
(6, 90)
(65, 71)
()
(3, 33)
(24,)
(79,)
(35,)
(50, 78)
(21, 91)
()
()
(18, 37)
(32,)
()
(52,)
(0, 61, 79)
(21,)
(0, 23)
(7, 84)
(2, 33)
()
(3,)
(1, 33)
(56,)
(3, 11)
()
()
(7,)
(71,)
(1, 75)
(50,)
()
(24, 29)
(16,)
(0, 12, 50)
()
(60,)
(1, 12, 55)
(81,)
(4,)
(99,)
(0, 34, 84)
(95,)
(2, 69)
()
(0, 23)
(27,)
(4,)
()
(11, 16, 52)
()
()
(41,)
(15, 21)
(5, 9)
(60, 96)
(97,)
()
()
(83,)
(13, 14, 30, 73)
()
()
(21,)
(99,)
(22,)
()
(5, 25, 38)
()
(76,)
(4, 97)
(78,)
(87,)
(32, 35)
()
()
()
(7, 43)
(15, 63)
(67,)
(81,)
(7, 31)
(68,)
(3, 5, 54)
(1, 40)
(45, 55)
(29,)
(18, 22)
()
(43,)
(17, 39, 41)
(35,)
(2, 45)
(97,)
(32,)
(31,)
(6, 42)
()
(21,)
(53,)
()
(0, 9)
(65, 71)
()
(2,)
(68, 77)
(64,)
(2, 10)
(10, 18)
(3, 92)
()
(65,)
(87,)
()
()
(8,)
()
()
(36,)
(20, 33, 43)
()
(71,)
(22,)
(17,)
(16, 83)
()
(16, 50)
(99,)
()
()
(1, 4)
(3, 5, 25, 54)
(4,)
()
(1, 59)
(36,)
()
(32,)
(2, 54)
(78,)
()
(83,)
()
()
(76,)
(15, 21, 91)
()
()
(16,)
(2, 40, 56)
(3,)
()
(44,)
(99,)
(32, 96)
(18, 37)
(2, 27)
(18,)
(7, 31)
(5,)
(47, 53)
(1, 35, 50)
(77,)
()
()
(86,)
(15, 63)
(10, 63)
(66,)
(50,)
(96,)
(51,)
()
(5,)
(24, 94)
()
(50, 88)
()
(33,)
(31,)
(43, 77)
()
(94,)
(70,)
(96,)
()
()
()
(32,)
(2, 63)
(5,)
(19, 45)
()
()
(33,)
(69,)
()
(7,)
()
(71,)
(14, 74)
()
()
()
()
(4,)
(15, 21)
()
()
(1, 76, 84)
()
()
()
(67,)
()
(63,)
(2, 72)
(66,)
(69,)
()
(6,)
(97,)
(57,)
()
(17,)
()
(10, 81)
(13,)
(17, 59)
(24,)
()
(8,)
()
(40, 78)
()
(46,)
(96,)
()
(47,)
(87,)
(1, 4, 26, 89)
(28,)
()
()
(88,)
(18, 36)
(13,)
(17,)
(72, 87)
()
(58,)
()
(4,)
(3, 25)
()
()
(10,)
(0, 12, 79)
(26,)
()
()
(5, 25)
()
(77,)
(50,)
(4, 43)
()
()
()
(7,)
(52,)
(2,)
(3, 5, 25, 38, 81)
(34,)
(8,)
()
(94,)
(22, 27)
(88,)
()
(83,)
(32,)
()
()
(15, 21, 91)
()
(5, 85)
()
()
(47,)
()
(0, 99)
()
(9, 40)
(8, 13)
()
()
(32,)
(33,)
()
()
()
()
(65, 67)
(80,)
()
(8, 50)
()
(10,)
(16, 50)
(26,)
(9,)
()
()
(35,)
(33,)
(1, 24, 55)
(2,)
(80,)
()
()
(1,)
(80,)
()
()
()
()
(79,)
()
(48,)
(96,)
()
(40,)
()
()
(7,)
(40,)
(5,)
(81, 89)
(56,)
(5, 27)
(62,)
()
(58, 60, 70)
(5,)
()
()
(10, 15)
()
(60,)
(17,)
()
()
(0, 61)
(1,)
()
(14, 89)
(56,)
(33,)
()
(69,)
(64,)
(35,)
()
()
()
()
(99,)
()
()
()
()
()
(3, 5)
(9,)
()
(13,)
(1, 42)
()
(44,)
()
(0, 23)
(16, 83)
(24, 77)
()
(97,)
()
(41,)
(47, 53)
(71,)
()
()
()
()
(28,)
(3, 52)
(77,)
(4, 42)
(11, 16)
(5,)
()
(60,)
()
()
(7,)
()
()
()
(0, 57, 79)
()
()
(96,)
(5,)
(86,)
()
(55, 84)
(48,)
(78, 96)
(0,)
()
()
()
()
(3, 43)
(3, 92)
()
()
(67,)
()
(19, 28)
(56,)
(84,)
()
(95,)
(81,)
(14,)
(66,)
(49,)
(24,)
()
(17,)
(0, 61, 79)
(64,)
(27, 62)
(4, 81)
()
(3, 52, 65)
()
(4, 50)
()
()
(71,)
(31, 63)
(61, 79)
(34,)
()
(40,)
()
(86,)
(3,)
()
(39,)
(31, 54)
(22, 43)
(10,)
()
(16, 83)
()
(21,)
(2,)
(27,)
(4,)
(2,)
(30, 32, 96)
(47, 93)
()
(47,)
(29,)
()
(8,)
()
()
(1, 3)
(8,)
(39,)
()
(50,)
(31,)
()
(24,)
(51,)
(85,)
(59,)
(17, 86)
(65,)
(64,)
(9,)
(10,)
()
()
(4,)
()
(86,)
(24,)
(88,)
(2, 72)
(76,)
()
(15, 63, 79)
(22,)
(9,)
()
()
(38,)
()
()
()
(12, 98)
()
()
()
()
()
(6,)
()
(83,)
(65,)
()
()
()
(64,)
()
(42, 84)
()
(7,)
()
()
(4, 63, 89)
(3, 22)
()
()
()
()
(6, 89)
(27, 82, 95)
(65, 80)
()
()
()
()
(72, 87)
()
()
(33,)
(1,)
()
(43,)
()
(53,)
()
(42,)
()
(2, 10, 45)
(43,)
()
(43,)
(18,)
(24,)
()
(62,)
(53,)
(16,)
()
(1, 39)
(86,)
(32,)
()
()
(36, 56)
()
(46,)
(2, 33, 43)
(23, 67)
()
(3, 16)
(65,)
(8, 13, 14, 30, 68)
()
()
(4,)
()
(86,)
(5, 50)
()
(37,)
(64,)
()
(17, 19)
(6, 47)
(5,)
()
(82,)
(51,)
(5,)
(77,)
(81,)
()
(69, 72)
(83,)
(36,)
(94,)
(8, 14)
()
(10, 26)
(14,)
(81,)
(15,)
(4,)
()
()
(17,)
(1, 4)
(15, 26)
(67,)
(8, 14, 43)
()
(50,)
(72, 87)
(65, 71)
(93,)
(31,)
()
()
(7,)
()
(39,)
(17,)
(84,)
()
()
()
()
(94,)
(54,)
(93,)
(29,)
(10, 63)
(10,)
(36, 81)
(2, 72, 87)
(33,)
()
(38,)
(3,)
(4,)
()
(69, 72)
(47,)
()
(43,)
()
(76,)
()
(5, 11, 16)
(8,)
(32,)
(97,)
()
(51,)
(5, 85)
(59,)
(27,)
()
(77,)
()
()
(22, 43)
()
()
()
()
()
(69,)
()
(69,)
(15, 57)
(36,)
(47, 53)
(1, 38)
()
(45,)
()
(8, 13, 30)
()
(60,)
()
(11,)
(80,)
()
()
(64,)
()
(35,)
(8,)
()
(25, 86)
(15,)
()
(31,)
(0, 51)
(10,)
(99,)
(17,)
(14, 73)
(10,)
(39,)
(3, 5)
(34,)
()
()
(17, 41)
()
(10,)
(20, 33)
(0, 44, 54)
(59,)
(50,)
(12, 42)
()
(16, 93)
()
(18, 45)
()
(2, 56)
(8,)
()
(11,)
(5, 25, 54)
()
(4,)
(36,)
(59,)
(63,)
(35,)
()
(41,)
()
()
(42,)
(69,)
(84,)
(34,)
(33,)
(15,)
()
(32,)
(66,)
(36,)
(16,)
(5,)
(34,)
(8,)
()
(10, 33, 63)
()
()
(13, 42)
(26, 84)
()
()
()
(8,)
(81,)
(10,)
(27, 87)
(3, 94)
()
(16, 83)
(65,)
()
(25, 31)
(3, 5)
(30, 77)
()
(7, 97)
()
(5, 85)
(83,)
()
()
()
()
()
()
()
()
()
()
()
()
(12, 49)
()
()
()
(3,)
(45,)
(1, 64)
(36,)
(31,)
()
()
(6,)
(96,)
(31,)
(2,)
(97,)
()
(93,)
(60,)
(21,)
(33,)
(80,)
()
()
(15,)
(86,)
()
(8, 42)
()
()
(87,)
()
()
()
()
()
()
(42,)
()
()
()
()
(5,)
(31,)
(52,)
()
()
()
(50,)
()
(95,)
(90,)
(7,)
(14, 73)
(30,)
(1,)
()
(39, 48, 95)
(7, 84)
(18, 22, 38, 81)
(12,)
(45,)
()
(1, 35, 95)
(96,)
(21,)
(29,)
(6,)
()
(4,)
()
(3,)
(10, 15)
(39, 55)
()
(29, 83)
()
(20, 78)
(10,)
(32,)
()
(90,)
(55,)
(80,)
(3,)
(49,)
(10, 15)
(3,)
(11, 16, 83, 92)
(24,)
(1, 64, 76)
(43,)
(80,)
()
(56,)
()
(2, 3, 38, 81)
(10,)
(4,)
()
(24,)
(33,)
(48,)
(5,)
()
()
(4,)
(26, 33)
(5,)
(5,)
(1, 55, 64)
()
(36,)
(25, 54)
(10, 63)
()
()
()
(12, 24)
(3, 22)
(0, 23)
(24,)
()
(69, 72, 87)
(1, 4, 24)
(9,)
()
()
()
(50, 82)
(3, 5)
(18, 22, 37)
(92,)
(72,)
(21, 24)
(18, 54)
(52,)
()
(15, 21, 57, 91)
()
()
(41,)
()
(9,)
(93,)
(24,)
()
()
()
()
(7, 43)
(72, 87)
(41,)
(16,)
(23,)
(16,)
()
(15, 21, 91)
()
(18,)
(31,)
(5,)
()
()
(13,)
()
(86,)
(47,)
()
(62,)
(1, 55)
()
(50, 52)
(6,)
(48,)
(2,)
(18, 37)
()
(9, 19)
(83,)
()
(10, 15, 21, 26)
(19, 28)
()
()
()
(9,)
()
(4, 66)
(4, 36)
()
(2,)
(41,)
(69,)
(19,)
(42,)
()
()
(66,)
(3, 67, 80, 84)
(79,)
()
(12,)
()
(15, 26)
()
(3,)
(69, 72)
(2,)
(7,)
()
()
(77,)
()
()
(29, 71)
(23,)
(24,)
(13,)
(95,)
(2, 69, 72, 87)
(1,)
()
(3,)
()
(15, 21)
(1, 78)
(10, 28)
(9, 51)
(3, 11, 16)
()
(33,)
(19, 93)
(8,)
()
(21,)
()
()
()
(82,)
(33,)
(43,)
(51,)
(5,)
(52,)
(2,)
(64,)
(96,)
(0, 84)
()
(5,)
(9, 43)
(54,)
()
()
(1,)
(13,)
()
(13,)
()
(8, 14)
(2,)
()
(80,)
(8, 14)
()
(1, 75)
()
(2, 33)
()
()
(29,)
(68,)
()
(3,)
(0, 44)
()
(3,)
(6, 89, 90)
(8, 13, 14, 30, 74)
(21,)
()
(5, 25)
(2, 10)
(5,)
()
()
(7,)
(1, 64)
(5,)
()
()
(18, 37)
(47,)
(55, 81)
(86,)
(67,)
(77,)
(10,)
(77,)
(0, 12)
(6, 90)
(60,)
()
(3, 5, 11, 16)
(1, 7)
()
()
()
()
(76,)
()
(66,)
()
(62,)
()
(64,)
()
(28, 53, 57)
()
(12,)
(62,)
(32,)
(15, 88)
(96,)
(1,)
(20,)
(2, 10)
()
()
(84,)
()
(82,)
()
(1, 64, 80)
()
(29,)
(47, 53)
(83,)
(1,)
(16,)
(57,)
(67,)
(66,)
(89,)
(16,)
(2, 8)
(65, 80)
(38, 51, 67)
()
(6, 42)
(86, 92)
(86,)
(5, 11)
()
()
(96,)
(21, 26, 57)
()
(94,)
(10, 58)
()
()
(1, 75)
()
()
(28, 93)
(66,)
(4,)
(15,)
(8, 36)
(45, 55, 81)
(2,)
()
()
()
(5, 50)
(8,)
(86, 92)
(15, 21)
()
(81,)
()
(65,)
(27,)
(8, 14)
(27,)
(82,)
()
()
(1, 64)
()
()
(48,)
(88,)
(10,)
()
(56,)
()
(36,)
()
()
()
(0, 12)
(15, 21, 91)
(87,)
(1,)
()
(7,)
(42, 76)
(51,)
()
(68,)
(48, 63)
()
(36,)
(1,)
()
(28,)
()
(5,)
(31,)
(22,)
(3,)
(9,)
()
()
()
(94,)
(18, 37)
(5,)
(22, 43)
(50,)
()
()
()
()
()
(77,)
()
()
(0, 12, 61)
(1,)
()
(43,)
(29,)
(35,)
(2, 54)
(43,)
(2,)
(49, 70)
(3, 11, 54)
()
(16, 50)
()
(10,)
(82,)
(69, 72, 87)
()
(2, 33)
(2,)
(33,)
()
(95,)
(3,)
(53,)
(18,)
()
()
(9, 66)
(1, 84)
()
(23,)
()
()
(41,)
()
(17,)
(66,)
()
()
()
(21,)
()
(42,)
(13, 14)
(93,)
(14,)
(87,)
(83,)
(0,)
()
(9,)
()
(51, 67)
(2,)
()
(69,)
(11,)
(50,)
(72,)
()
()
(61,)
(42,)
()
()
(29, 99)
(8,)
()
(27,)
()
(1, 64, 76)
()
()
()
()
()
(18,)
()
(92,)
(89,)
(5, 85)
()
(40, 83)
(2,)
(77,)
(0, 61)
()
()
(32,)
(65, 71)
(44,)
()
(8,)
(3, 9)
(3, 5)
(80,)
(35, 96)
(97,)
(6, 20)
(11,)
()
(2, 3)
()
()
(84,)
()
(41, 55)
(41, 97)
(32,)
()
(53,)
()
(9,)
(24, 64)
(27, 43)
()
()
()
(36,)
(25, 36)
(78,)
(28,)
()
(2, 25)
(95,)
(1, 27, 43)
(5,)
(18,)
(31, 69, 72)
()
(4, 55)
(31,)
()
(62,)
(22, 43)
()
(60,)
()
(10, 26, 59)
(77,)
(67,)
(83, 86)
()
(12,)
()
()
()
(16, 86)
(5, 85)
(18, 22)
(15, 21)
(36, 62)
(5,)
(8, 14)
(82,)
(55,)
(29,)
(88,)
(67,)
()
(46,)
()
(40, 57)
(44,)
()
()
(19,)
(14, 33)
()
()
(2, 65)
(56,)
(2, 10, 26)
(39,)
(21,)
()
()
(18, 22, 54)
(35, 83, 98)
(4, 89)
()
()
(4, 36)
()
()
(2,)
(60,)
(99,)
()
()
(1, 81)
()
()
(78, 93)
()
(4,)
()
()
()
(27,)
()
(56, 87)
(1, 49, 84)
(25,)
(1, 27)
(10,)
(2,)
(28,)
()
(8, 42)
(5, 85)
(48,)
(97,)
(92,)
(17, 82)
(5,)
(18,)
()
()
()
()
()
()
(20,)
()
(55,)
(96,)
()
()
()
(96,)
()
(14, 73)
()
(4, 89)
()
(69, 72)
()
()
(99,)
()
()
(53,)
()
(5, 25, 55, 78)
(17, 20, 42)
()
(86, 97)
(86,)
()
(48,)
(2, 43)
(7,)
(87,)
()
()
(18, 66)
(3, 52)
()
(1, 75)
(16,)
(86,)
(2,)
()
()
()
()
(56,)
(25,)
(36,)
(2,)
()
()
(27, 62)
(94,)
(15, 95)
()
(18, 37)
()
(11,)
(62,)
(50,)
(10, 63)
(2,)
(64,)
(24,)
(87,)
(10, 27)
()
(52,)
(2,)
(4, 36)
(36,)
()
(40,)
(60, 96)
(15, 21)
()
()
(8, 68)
(15,)
(51,)
(42,)
(12,)
()
(3, 58)
(48,)
()
(8,)
()
(10, 76)
(4, 44)
(2,)
(61,)
(60,)
()
(19,)
()
()
()
()
(3, 36, 65)
(6,)
(7, 11, 54)
(42, 69)
(92,)
()
(12,)
(3,)
(9, 46, 61)
()
()
()
(24, 80)
(83,)
()
(87,)
()
(15, 61)
(7,)
(8,)
()
()
(35,)
()
()
()
(64,)
(83,)
(66,)
()
()
(24, 71)
(66,)
(4,)
()
()
(8,)
()
(10,)
(82,)
(6,)
()
(13,)
(39,)
(62,)
()
(93, 97)
(1, 75)
(36,)
()
()
(26,)
(27,)
(60,)
()
(46,)
()
(40, 95)
()
(10,)
(2, 10, 56, 63)
(69,)
()
(29, 46)
(20, 33)
()
(7,)
()
()
()
(34, 43)
()
()
()
(29,)
(2,)
(28,)
(12,)
(32,)
(93,)
(31,)
()
(93,)
(86,)
()
()
(3,)
()
(13,)
()
(5,)
(5, 11, 50, 85)
()
(3, 5, 31, 54)
()
(49,)
()
(66,)
(11,)
(46,)
()
(1, 64)
()
(26,)
(95,)
()
(40, 79)
(15,)
()
(3,)
()
(65,)
(28,)
(87,)
(2,)
(17, 82)
(50,)
(78,)
()
()
(54,)
()
(92,)
(4,)
(99,)
(9,)
()
(7, 42)
(1, 64, 76)
()
(28,)
(65,)
(4, 97)
()
(1,)
(45, 81)
()
()
()
(11, 27)
()
()
(2, 3, 10)
(7,)
(18, 54)
(18, 22, 37)
(19, 93)
()
(39, 97)
(58,)
(88,)
()
(1, 89)
()
(20,)
(9, 42)
(49,)
()
(1,)
(7,)
(90,)
(2,)
(35, 50)
()
(2, 56)
(8, 13, 30)
(4,)
(73,)
(16, 83)
()
(8, 14)
(86,)
()
(3, 86)
()
()
()
(5,)
(73,)
()
(6, 50)
(79,)
(8,)
(15,)
(86,)
()
()
(86,)
()
()
(65, 71)
(3, 36)
(72,)
(48,)
()
()
(9,)
(66,)
(8,)
()
()
()
(53,)
()
(15, 40)
(6, 90)
(43,)
(19,)
()
(99,)
(1, 32)
(56,)
(10,)
(62, 84)
(36,)
(60,)
(76,)
(8, 13)
()
()
(14,)
(43,)
(48, 60)
(2,)
(16,)
(8,)
(12,)
(10, 26, 63)
(21,)
(51,)
(77,)
(3,)
()
(25, 46)
(29,)
()
(61,)
()
(7,)
(10,)
()
(10,)
()
(67,)
(32, 73)
()
(6,)
(43,)
()
()
()
(1,)
(4, 8, 26, 89)
(86,)
(2,)
(36,)
(4, 89)
(5, 18)
()
(2, 15)
(59,)
()
(2, 69)
()
(34, 77)
(71, 80)
()
(21,)
(35,)
(19, 96)
(43,)
(8,)
()
(24,)
(31,)
()
()
(50,)
()
(41,)
()
(27,)
(68,)
()
()
()
(15,)
()
(90, 96)
()
(80,)
(38,)
()
(18,)
(0, 61)
()
(27,)
()
(54,)
(13, 30)
()
(2, 54)
()
()
()
()
(4, 89)
(1,)
(15,)
()
(31,)
()
(81,)
(95,)
(55, 77)
(64, 76)
(51,)
(13, 52)
(27, 62)
(11, 75)
()
(8, 13, 14)
(50,)
(78, 94)
()
(62,)
(84,)
(2,)
()
(56,)
(1, 75)
(8, 13, 68)
(86,)
(33,)
()
(8, 13, 68)
()
()
(10, 14)
(18, 37)
()
(38,)
()
(8,)
(62,)
(6, 98)
(62,)
()
(21, 26)
()
(0, 9, 47, 51)
(33,)
(59,)
()
(53,)
(70,)
()
(1,)
(4,)
()
(15, 43)
(65,)
(28, 35)
(63,)
()
(16, 44)
(2,)
()
()
(57,)
(7, 77)
(60,)
(15,)
(32,)
(31, 40)
(99,)
(1,)
()
()
(15, 21, 57, 86, 91)
(10, 15, 63)
()
()
(66,)
()
(25,)
(14,)
(16,)
(2, 89)
(3,)
()
(56,)
()
()
()
()
()
(64,)
(15, 21, 57, 91)
(1,)
()
(0, 61, 84)
()
(15, 21)
()
(23,)
(59,)
(42,)
()
(30,)
(4, 12, 55)
(62,)
()
(54,)
()
(15,)
()
()
(60,)
(3, 5, 38)
(15, 63)
()
(64,)
()
(94,)
(86,)
()
()
(92,)
()
(2, 3, 5)
(48,)
()
()
(86,)
()
(2,)
(4, 13, 52)
(77,)
(75,)
()
()
(2, 3, 54)
(15, 21)
(1, 81)
(51,)
()
(7,)
(5,)
(9, 83)
()
()
(67,)
()
(10, 15, 63)
(55,)
(7,)
()
(79,)
(22, 42)
()
(79,)
(1, 75)
(0,)
(16,)
()
(2,)
()
(81,)
(27,)
()
()
()
()
(95,)
()
()
()
()
(88,)
(26, 89)
(59,)
(65, 71)
(23,)
(67,)
(35,)
()
(19,)
()
(10,)
(83,)
(5,)
(43,)
(21,)
(3, 86)
()
(38,)
(97,)
(5, 46, 85)
()
()
(17, 82)
(50,)
(76,)
()
(70,)
(3, 81)
(70,)
()
(8, 30, 50)
(11,)
(6,)
()
()
()
()
()
(35,)
()
()
()
(3,)
()
(48,)
(7, 84)
(88,)
(29,)
(2,)
()
(89,)
(67,)
()
(84,)
(24, 86)
(54, 62)
()
()
()
()
()
(1, 76)
()
(13,)
(15, 21, 57, 91)
(62,)
()
()
(60,)
()
(56,)
()
(31,)
(1, 75)
()
(25,)
(27, 88)
(29, 46)
()
(69,)
()
()
()
()
(1, 48)
()
(83,)
(4, 23)
()
(15, 21, 57)
()
()
(1, 17)
(50,)
(11,)
(48, 95)
(41, 57)
(2, 10)
(19, 28)
(5,)
()
()
(20, 80)
()
(65, 71)
(4,)
(21,)
(32,)
()
(27,)
()
()
()
()
(3, 92)
()
()
(24, 62)
()
(2, 36)
(5,)
(5,)
(43,)
(4,)
(5, 25)
()
()
(56,)
(1,)
(4,)
(1, 59)
(43,)
(5,)
(5, 85)
()
()
()
(15, 21, 57)
()
(3,)
(2,)
(32, 93)
(65, 71)
()
(11, 86)
(7, 43)
(17, 62)
(21,)
()
(13,)
()
(1, 64)
(67, 99)
(31, 97)
()
(16, 83, 86)
(13,)
(13, 30)
()
()
(5, 25)
(85,)
()
(85,)
()
()
()
()
(7,)
()
()
(0, 9, 24)
(70,)
(52,)
(92,)
(53,)
()
(38, 51)
(71,)
(59,)
(94,)
()
(23,)
(23, 48, 66, 80)
(14,)
(4, 50)
()
()
()
(60,)
(16, 64)
(3, 86)
()
()
(23,)
(56,)
(69,)
(23,)
(2, 24, 78)
(10, 40)
(3, 38)
()
()
(3,)
(27,)
()
(1, 99)
(45,)
()
()
(41, 72, 83, 93)
()
(17, 39)
(10, 15, 63)
()
(2, 10)
()
()
(64, 76)
(42, 88)
()
()
()
()
(89,)
(3,)
(2, 81, 84)
(90,)
()
(4, 98)
(95,)
(10, 60)
(1, 64)
(46,)
()
(3, 52)
()
(72,)
(25, 83)
(9, 46)
(31,)
(80,)
(96,)
(0, 9, 47)
(80,)
(5,)
(18,)
(38, 55)
(79,)
()
(18,)
(3, 33)
(94, 99)
(46,)
(22,)
(15,)
()
(65,)
(8, 74)
()
()
(66,)
()
(1, 76, 99)
(58,)
(15, 84)
()
(1, 75)
(56,)
()
(3,)
(7, 31)
()
(41,)
(86,)
(30,)
()
(58,)
(11, 24)
(52,)
(60,)
(5,)
(22,)
(96,)
(5, 25)
(22,)
()
(10,)
(28, 93)
(4,)
(5,)
(7, 27, 43)
(27, 62)
(71,)
(62, 82)
()
()
(7,)
(36,)
(16, 86)
()
(45,)
(17, 39)
()
(4, 99)
(58,)
(65, 71)
()
()
(27,)
(2,)
(4, 23)
(51,)
(3,)
(48, 95)
(6, 19, 53)
()
(18, 37)
(10, 15)
(16, 83)
()
()
()
(18,)
(76,)
(96,)
()
()
()
(31,)
(97,)
(76,)
(21, 57)
(2, 33)
(31,)
()
(81,)
(8,)
(23,)
(99,)
(44,)
(47, 53)
()
(4,)
(0,)
(6, 20, 33)
()
(32,)
(40,)
(42,)
()
(15,)
()
(23, 99)
()
()
(88,)
()
(13, 68)
(76,)
(86, 92)
()
(0, 43)
()
(5,)
(51,)
()
(2,)
()
(62,)
(15, 59)
()
(5, 50)
(8,)
(7, 78, 82)
(9,)
(55,)
()
(3,)
(4,)
(69,)
(43,)
()
(43,)
()
(33, 62)
(18, 37)
(7, 89)
(87,)
(23,)
(7,)
(65, 71)
(32,)
(32,)
(45,)
()
()
(1,)
()
(3, 52)
(8, 68)
(21,)
()
()
()
(0, 9)
(21, 63)
(2,)
(5,)
(2, 10, 54)
(94,)
()
()
(1, 76)
(36,)
(76,)
()
(19,)
(69, 72)
(28,)
(18,)
()
(2, 10, 25)
(18, 37)
()
(2, 15)
()
(39,)
()
(48,)
(4,)
()
(11,)
(20,)
(95,)
(49,)
(87,)
()
()
(48,)
(50,)
()
()
(5, 85)
()
(16, 86)
(16,)
(7, 31)
(2, 11, 16, 83, 92)
(10, 79)
()
()
(6,)
()
(2, 10, 45)
(38,)
(72, 87)
(15, 63)
(8,)
(14, 68)
(2,)
(7, 31)
(60,)
(41,)
(76,)
()
(36, 50)
(69,)
(17, 20, 81)
(5, 83)
()
()
(17,)
(9, 25, 54)
(34,)
(32, 73)
()
()
()
()
(2,)
(2,)
()
(60,)
()
()
()
()
()
(4, 38, 55)
(42,)
()
(46,)
(72, 92)
(65, 71)
(2,)
(10,)
(12,)
(2,)
()
(51,)
()
(59,)
(7,)
(1, 4)
(67,)
()
(18,)
(75,)
()
()
(99,)
()
()
(17,)
(51,)
(6, 42)
(64,)
()
(72,)
(23,)
(31,)
(18,)
(7,)
()
()
()
(87,)
(5,)
(62,)
(3, 94)
(24,)
()
(96,)
(2,)
()
(0, 61)
(2, 24)
()
()
()
(24,)
()
(15,)
(16,)
()
(11, 16)
(9, 29)
(10, 26)
(15, 26, 59)
()
(11, 24)
(25,)
()
(25,)
()
()
(80,)
()
(2,)
()
()
(88,)
(60,)
(12, 42)
(0, 12)
()
(47, 53, 85)
()
(5, 25)
()
(3,)
()
()
(31, 56)
()
(3, 22)
()
(32,)
(29,)
()
(8, 30)
(9, 83)
()
()
()
(50,)
()
()
(6, 90)
(70,)
()
(29,)
()
(22,)
(8, 13, 14, 74)
(5, 25)
(51,)
(18, 37)
(34,)
()
()
(88,)
(53,)
(77,)
(42,)
()
(10,)
(41, 93)
()
()
(82,)
(41,)
()
(1, 42)
()
()
(4,)
()
(35,)
(4, 89)
(17,)
()
(3, 71)
(51,)
(14, 30, 98)
(4,)
(89,)
()
()
()
(18,)
()
()
(1,)
()
(82, 95)
()
()
(1, 64)
()
()
(22,)
()
(47, 99)
()
(3, 5, 27)
(15, 40, 57)
()
(43,)
()
(43, 71)
()
(19,)
()
()
(48,)
()
(33,)
()
(36,)
(13, 40)
(80,)
(65, 71)
(3,)
(7,)
(5, 25, 85)
(94,)
(10,)
(4,)
(15,)
(7,)
()
()
()
()
(62,)
()
(60, 96)
(10,)
()
(13,)
(39,)
(50,)
(44,)
(5,)
(10,)
(62,)
()
(86,)
(1, 39, 43)
(80,)
(68,)
(40,)
()
(8, 30)
(2,)
()
(2,)
()
()
(5, 85)
(15,)
(21,)
(58,)
(5, 38)
()
()
(24,)
(2,)
(13,)
()
(41,)
()
(2, 35)
()
()
()
()
(48, 60)
(18, 22)
(7,)
()
()
()
()
(50,)
(27, 62)
(10,)
(8,)
(19,)
(66,)
()
(11,)
()
(65,)
()
(7, 43)
(2, 11)
(10, 15)
(36,)
()
()
(77,)
(4,)
(45,)
(51,)
(22, 33)
()
(1,)
(72, 97)
()
()
(92,)
(25,)
(51,)
(18, 37)
()
()
(24,)
(5,)
(55,)
()
()
(62,)
(32,)
()
()
(36,)
()
(5, 85)
(54,)
()
(18,)
(22,)
(76,)
()
(27,)
()
(50,)
()
(39,)
(27,)
()
(65,)
(95,)
()
(2,)
()
(9,)
()
()
(78, 87)
()
(0, 61)
(65,)
()
(36,)
(0, 15)
(90,)
(54,)
(39, 65)
(11, 16, 83)
(30, 89, 98)
(3,)
()
(58,)
()
(18, 22)
()
(36,)
()
(14,)
()
()
(8,)
()
()
()
(3,)
(77,)
(5, 16)
()
(6,)
()
(1,)
(56,)
(19, 93)
(1, 27)
()
(4,)
()
(24,)
(93,)
()
(12,)
(93,)
()
(13, 68)
()
()
(88,)
(7,)
(1, 97)
(15, 21, 57, 91)
()
(53, 96)
(67, 99)
()
(29,)
()
(76,)
()
()
(16, 86, 92)
(11,)
(67,)
(5,)
(78,)
(35,)
(9, 29)
()
(57,)
(14,)
(6,)
(79,)
(94, 97)
()
(12, 29)
()
(77,)
(5,)
(16, 40)
()
(18,)
(4, 19)
(16, 86, 92)
(0, 51)
(39,)
()
()
()
()
()
(41,)
()
()
()
()
(93,)
()
(25, 66)
(28,)
(7, 31)
(1, 75)
()
(2, 86)
(28, 93)
(34, 44, 47)
()
(50, 67)
(2,)
()
(52,)
(62,)
(53,)
()
(0, 23)
(5, 18)
()
()
(8, 68)
(2, 33)
(89,)
()
(12, 61)
()
()
(29,)
(88,)
()
(3,)
(23,)
(13, 65, 71)
(16, 92)
(40,)
()
(5, 25, 83)
(42,)
(28,)
()
()
(50,)
(0, 23)
()
(3, 88)
(16,)
(2, 5, 38)
(6, 70)
(79,)
(49,)
(56,)
()
(3,)
(38, 81)
()
(12,)
(1, 32)
(0, 84)
(4,)
(27,)
()
()
(32,)
(34,)
()
(9, 53)
(13,)
(99,)
(15, 21)
()
(5, 52, 85)
(8,)
(89,)
(26,)
()
()
(22, 43)
(8, 14, 30, 32, 62)
(4,)
(5, 85)
()
(47,)
(29,)
(23, 33)
(71, 80)
(72,)
()
(8,)
()
(7, 78)
()
(86,)
(6,)
()
(8,)
(69,)
(55,)
()
()
()
()
()
(64,)
(48,)
()
(24,)
(87,)
(14, 73)
()
()
(24,)
()
()
(79,)
(8, 13, 68)
(9,)
()
(35,)
()
(36,)
(44,)
(36,)
(29,)
(14,)
()
()
(61,)
()
()
(35,)
(33,)
(61,)
()
(83,)
(3, 5, 16)
(2, 33)
()
()
(1, 75)
(32, 72)
(78,)
(5,)
(84,)
()
(10, 15)
(4,)
(67,)
()
(97,)
()
()
()
(0, 61)
(29,)
(31, 78)
(11, 16)
()
(4, 42)
(2, 43)
()
(72, 87)
(47, 53, 98)
()
(0, 23)
()
(2, 24)
(37, 99)
(16,)
(7, 77)
(77,)
()
()
()
()
()
(58, 71)
()
(38,)
()
()
()
()
(15,)
(47,)
(1,)
(79,)
()
()
(39,)
(1, 75)
(65,)
(1, 55)
()
(62,)
()
()
()
(4,)
(64,)
(8, 13)
()
(22, 52, 88)
(5,)
(93,)
()
(2, 77)
(5, 25, 54)
()
()
()
()
(72,)
(63,)
()
(13,)
()
()
()
(4, 89)
(3, 5)
()
(25,)
()
(7, 84)
()
()
()
(3,)
(37,)
(65,)
()
(47, 53)
()
(96,)
(40,)
(87,)
()
(10, 81)
()
()
(93,)
(59,)
(85,)
(15, 91)
(60,)
(93,)
()
()
(28,)
()
(35, 96)
(50,)
(5, 25)
(47,)
(29,)
(8, 48)
()
(59,)
(51, 99)
(3,)
(5,)
()
(17,)
(10,)
()
(0, 61)
(67,)
()
(3, 20, 85)
(5,)
(13, 68)
(29,)
()
(4,)
()
()
()
()
(3, 43)
(23, 85)
(18, 22, 37)
()
(7,)
()
()
(36, 65)
()
()
(6, 90)
()
(86,)
(62,)
()
(3, 47)
(48,)
(95,)
()
(10,)
(48,)
()
()
()
(81,)
()
(65, 71)
(5,)
(28,)
(21,)
(2, 10)
(8, 14)
()
(52,)
()
(4, 24)
()
()
(0, 26)
(98,)
()
(67,)
(19,)
(78, 82)
(22,)
(9,)
()
(2, 10, 38)
(16,)
()
(2, 25, 56)
(0, 12, 79)
(24,)
()
()
(6, 49)
()
()
(12, 16)
(81,)
(59,)
()
()
(42,)
(96,)
()
(3,)
(70,)
(40, 52)
(55,)
(5, 83)
(24,)
(96,)
(3, 50)
(25,)
(59,)
(32,)
(33, 38, 97)
(24,)
()
()
()
(1, 76)
(12, 81)
(0, 51)
(0, 61)
(69,)
(2,)
(1,)
(33,)
(7,)
(3, 11, 16, 29)
(34,)
()
()
(89,)
()
(87,)
(21,)
(53,)
()
()
(7, 66)
(87,)
(94,)
(50,)
(22,)
()
()
()
(56,)
(2,)
()
(9, 46)
(0, 43)
()
()
()
()
(18, 37)
(2,)
(46,)
()
(10, 94)
()
(26, 59)
()
()
()
(22,)
()
()
(1, 42)
(25,)
()
(1, 40, 86)
(31,)
(2, 27)
()
(66,)
(24, 99)
(15, 57)
(67,)
()
(5,)
(66,)
(5, 16)
(47,)
()
()
()
(5,)
()
(8,)
(67,)
(56,)
(15,)
()
(0, 9, 29)
()
(7, 31)
(40,)
(4,)
(5,)
(95,)
(39,)
(69, 72)
()
(18, 37, 97)
()
(86,)
()
(56, 99)
(10,)
(18,)
()
(1,)
()
(2, 25, 36)
(32,)
(2, 40, 90)
(1,)
(69,)
(88,)
()
(3, 83)
(15,)
()
()
()
(29,)
()
()
(62,)
()
(21, 63)
()
(2, 10)
()
()
(67,)
()
(29, 45)
()
()
()
()
()
()
(15, 57, 91)
()
(68,)
()
(52,)
(4, 13)
(41,)
(46,)
(0, 23)
()
(21,)
(22,)
(77,)
(26,)
()
()
(59,)
()
()
(27,)
(41,)
(3,)
(36, 81)
(29,)
(0, 44)
(78,)
()
(5, 25)
(99,)
()
()
(4, 35)
(15,)
()
(19,)
()
()
(38,)
(5,)
(1, 4, 40, 89)
()
(2, 25)
()
(7, 55, 81)
()
()
()
()
(5, 54)
()
(25, 29)
(21,)
()
(7, 31)
(3, 36, 81)
(5, 25)
()
()
()
(34,)
()
(86,)
(2,)
(8, 13, 14, 68)
(17, 39)
()
(76,)
()
()
()
(79,)
(5, 85)
()
(4, 15, 26, 89)
(76,)
(1, 35)
()
()
(7,)
(36,)
()
(36,)
()
(51, 79)
()
(1,)
(15, 66)
(33,)
(3, 5, 11, 54)
(27, 43)
()
(10,)
(53,)
(87,)
(45,)
(0, 24, 61)
(35,)
()
()
(13,)
()
(21,)
()
(42, 51)
(21,)
(24,)
()
(47,)
(47, 67)
()
(84,)
()
(25,)
()
(40, 89)
(88,)
(33, 62)
(15, 18)
(3,)
(35, 96)
()
(49,)
(58,)
()
()
(49,)
(23,)
(54,)
(54,)
(83,)
()
(27,)
()
()
()
(58,)
(5,)
(69, 76)
(27,)
(51,)
(18, 22)
()
()
()
()
(39,)
()
(33,)
(0,)
(82,)
(60,)
(3, 38)
()
()
(65,)
()
()
()
(19, 28)
()
(25,)
()
()
(3,)
(31,)
(3, 5, 83)
()
(2,)
(18,)
(84,)
()
(82,)
()
(17,)
(1, 64)
(5,)
()
(66,)
(3, 94)
()
(84,)
(18,)
(75,)
()
(7,)
()
(15, 63)
()
()
()
(18,)
(4,)
(79,)
(54,)
(0, 23)
()
(30,)
()
()
(1, 67)
(3, 5, 25, 54)
(2,)
(26,)
(3, 86)
(6, 90)
(52,)
(23,)
()
(41,)
()
()
()
()
()
(3, 5, 38)
()
(86,)
(59,)
(16,)
(17,)
(15,)
(23,)
(35,)
(17,)
(31,)
()
(8, 42)
(1, 64)
(25,)
()
()
()
(1, 97)
()
()
(40,)
(10, 15, 21)
()
(22,)
(38,)
()
()
(40,)
()
(95,)
()
()
(3,)
(8, 13)
(62,)
(7, 42)
(40, 57)
(80,)
(5, 25)
(5, 43)
(8,)
(15, 79)
()
(18,)
(0, 42)
()
()
(52,)
(15,)
()
(79,)
(17, 20)
()
()
()
(88,)
(53,)
(94,)
()
()
(87,)
(15,)
()
(10,)
()
(77,)
(43,)
(87,)
(1, 20)
(7,)
()
()
()
()
(16, 83)
()
(16, 83)
()
(5,)
(72,)
(31,)
(17, 39)
()
(3,)
(24,)
(7,)
(39,)
()
(10, 40)
()
()
(45,)
(86,)
(65, 71, 80)
(15, 21, 91)
(3,)
()
(76,)
(43,)
()
(0, 61, 94)
(43,)
()
(86,)
(4, 89)
()
()
(65,)
()
(17,)
(9, 34)
()
(3,)
(95,)
(35,)
(23,)
()
()
(31,)
(24,)
(51,)
()
(4,)
(16, 86)
(56,)
(40, 70)
(8, 14)
(56,)
(4, 24)
()
(3, 11, 50)
()
()
()
()
()
(33,)
()
(33,)
(62,)
(54,)
(80,)
()
()
(0, 9)
(10,)
()
(46,)
()
()
(72,)
(15,)
(42,)
(87,)
(2,)
(3, 52)
()
()
(57,)
(8, 11)
()
()
(4,)
(18,)
(4,)
(77,)
(2, 10, 45)
(1, 75)
(5,)
()
(96,)
()
(8, 14)
(83,)
(0, 61)
(43,)
(4, 89)
(11, 36)
()
()
(62,)
()
(7,)
(25,)
(97,)
(18, 94)
()
(38,)
(79,)
(92,)
(11, 16)
()
(62,)
(10,)
(2,)
()
(8,)
()
(8,)
()
(44, 58)
(33,)
(93,)
(6,)
(33,)
(24,)
(17,)
()
()
(24,)
(77,)
(8, 99)
(33,)
(35,)
()
(31, 98)
(40,)
(18,)
()
(80,)
(5, 9)
(39,)
(88,)
(15, 91)
(21,)
()
(15,)
(6,)
(27,)
(31, 76)
()
(16,)
()
(80,)
(0, 23)
(18, 37)
(0, 61)
()
(15,)
(5, 85)
()
()
(51,)
(6,)
()
(81,)
()
()
(25, 38)
(35,)
()
(17,)
()
(13,)
(1,)
(8,)
(87,)
(16,)
(0, 12, 43)
(50,)
(10,)
()
()
(2, 10)
(59,)
(3, 9)
(4, 50)
(25, 29)
()
(3, 5, 36, 85)
(38, 43)
()
(64,)
(10, 59)
(80,)
(0,)
()
()
(40,)
()
(87,)
(94,)
(15, 59)
(10,)
()
(13,)
()
(3,)
(65, 71)
(7, 84)
(76,)
(34,)
(25,)
(65,)
()
()
()
(3,)
(1,)
()
(36, 56)
()
()
(61,)
(41,)
(44,)
(66,)
(18, 37)
(20,)
()
(4, 63)
(36,)
(88,)
(1,)
()
(67,)
()
(9, 33)
(38, 94)
()
(83,)
(14,)
(5, 16, 86)
()
(21,)
()
(12,)
(99,)
()
(4,)
(84,)
()
()
(2,)
(46,)
()
()
(28, 40)
(36,)
(0, 61)
(51,)
(1, 4, 35)
(59,)
()
(4, 52)
()
()
(0, 9)
(6, 69)
(25,)
(67,)
(77,)
(1,)
(34,)
()
(81,)
(33,)
(15,)
(61, 79)
(1, 64)
()
()
(49,)
(36,)
(67,)
(51,)
()
(27,)
(1, 43)
(50,)
(27,)
()
()
(9, 16)
()
(48,)
(30,)
()
()
()
(58, 84)
()
()
(9,)
()
()
(4,)
(1,)
(11, 54)
(4,)
(69,)
(2, 65, 71)
()
(60,)
(77,)
(27, 62)
(19, 28)
(37,)
(64,)
(76,)
(33,)
()
(26, 59)
()
(24, 55)
(34,)
()
()
(81,)
(51,)
(4,)
(99,)
(1, 64)
(71,)
()
(2,)
(0, 12)
(33,)
(18,)
()
(0, 12, 34, 44)
()
(6, 90)
(52,)
(66,)
()
()
(2, 11)
(83,)
(12,)
(8,)
()
()
(51,)
(47,)
()
(62,)
()
(0, 79)
(7,)
()
()
(5, 85)
()
()
(65, 71)
(64,)
(50,)
(5,)
()
()
()
()
(16,)
(24,)
(1,)
()
()
(5,)
(45,)
(18,)
()
()
(42,)
()
(31,)
(4,)
(8,)
(21,)
(13,)
(88,)
()
(24,)
(44,)
(42, 51)
(2, 72)
()
(16,)
()
(20, 33)
(4, 60)
(10,)
()
(3, 94)
(17, 19, 39)
()
(2, 66)
()
()
()
(43,)
(2, 56, 69, 84, 87)
()
()
(9,)
(42,)
(9,)
()
(2, 38)
(3, 86)
()
()
(17, 41)
(1, 75)
()
(36,)
(48,)
(3, 5, 25, 43)
(3, 5, 25, 51)
()
(84,)
(3, 86)
(56,)
(4,)
()
(81,)
(5, 50)
()
(96,)
(16,)
(8,)
(12,)
(16, 50)
(0, 12)
()
(43,)
(78,)
()
(2, 32)
()
()
(8,)
()
(45,)
(4, 20)
()
()
()
(15, 21)
()
(47,)
()
(56,)
(5, 25)
(3,)
(86,)
()
(87,)
(5,)
(84,)
()
(5,)
()
(33,)
()
(51,)
(27,)
()
()
()
()
()
(25, 51, 55)
()
(31,)
(59,)
(25,)
(80,)
(84,)
()
()
()
()
()
(42,)
(7, 17)
(5, 54)
()
()
()
()
(66,)
()
(38,)
()
(4,)
(48,)
(14, 33)
(61,)
(61, 96)
()
(64,)
(4,)
(17, 90)
(62,)
()
()
(67,)
(24,)
()
()
(22,)
(96,)
(76,)
(11, 16)
()
()
(97,)
()
(2, 43)
(87,)
(52,)
(4,)
()
(4, 63)
(1,)
(9,)
(71,)
(9, 25, 29)
(62,)
(62,)
(68,)
(27,)
()
()
()
(4,)
(73,)
(4, 26, 89)
()
()
(10, 42)
(31,)
()
(0, 55)
(36,)
(16, 56)
(4,)
()
()
()
(62,)
()
(11,)
(19, 60)
(90,)
(39,)
(2, 3, 54)
()
(21, 40)
(38, 94)
(2, 78)
(59,)
()
(4,)
()
(31,)
(7,)
()
(56,)
()
(26, 89)
(81,)
()
()
(51,)
(42,)
()
(11,)
(1,)
()
(5, 85)
(5,)
(27,)
()
(7, 84)
(15,)
(1,)
()
(61,)
(18, 22)
(9,)
(53,)
()
(24,)
(61,)
(82,)
(5,)
(28,)
(52,)
()
(64, 76)
(42,)
(24,)
(79,)
(0,)
()
(2, 66)
()
(5,)
(2,)
(81, 90)
(29, 46)
(84,)
(10,)
(28, 86)
(21, 45)
(2, 45)
()
()
()
(9, 46)
(3,)
(3, 33)
()
()
()
(61,)
()
(80,)
()
()
(51,)
()
()
(8,)
(14,)
(16,)
()
(35,)
()
(87,)
(88,)
(24, 86, 92)
()
()
(4,)
(27, 43)
(7,)
(1,)
()
()
(12, 66, 79)
(17, 85)
()
(7,)
(76,)
(16, 83)
(10, 15)
(53,)
()
()
(4, 20)
()
()
(26,)
()
(24, 40)
()
()
(8, 13, 14)
()
(12,)
(5, 54)
(2, 10)
()
(4,)
(5, 85)
()
()
(42,)
(57,)
(22,)
()
(56,)
(84,)
()
()
(5, 85)
()
(29,)
()
(19,)
(76,)
()
(4,)
(15,)
(1, 43)
(10, 26)
()
(41, 93)
()
()
(88,)
()
(29, 85)
(27,)
(60,)
(48,)
(53,)
(2, 11, 56)
()
(10,)
(8, 14, 97)
()
(14,)
(24,)
(8,)
(22,)
(80,)
(8,)
(4, 50)
(67,)
(12,)
(54,)
(4,)
()
()
(51,)
()
(27,)
()
(16, 86, 92)
()
(95,)
()
(64,)
()
()
()
()
()
(82,)
(1,)
()
(4,)
(1,)
(18,)
()
()
(86,)
()
()
(29, 46)
(0, 51)
()
()
(2,)
(56,)
(1,)
(15, 47)
(16,)
(2,)
(82,)
(88,)
()
(1,)
(45, 51)
(8, 32)
(47,)
(50, 87)
(77,)
(2, 10, 15)
()
(17,)
(45,)
()
()
(11, 66)
()
()
(92,)
(65,)
(99,)
()
()
(24, 47)
()
(15,)
(60,)
()
()
(30,)
()
(95,)
(18,)
(4, 33, 89)
(18, 22, 65)
(9, 44)
(79,)
(0,)
(79,)
(13,)
(2, 6)
(10,)
()
()
()
(50,)
(5,)
()
(21,)
(2, 11, 16)
(3,)
(80,)
(57, 93)
()
(2,)
(60,)
()
(18,)
(4,)
(66,)
(31,)
(8, 13, 74)
(54,)
(11,)
(27, 77)
()
()
(18, 22)
(16, 83)
(36,)
()
()
(7, 24)
(22,)
(31,)
()
(3, 5, 25)
(5, 85)
(90,)
()
(43,)
()
(77,)
(8,)
(33,)
(35,)
(19, 78)
()
()
(99,)
()
(5, 85)
(59,)
(24,)
(16,)
(29,)
()
(90,)
(64,)
(4, 99)
(25,)
(15, 21, 63)
(60,)
(2, 71)
(29,)
()
(55,)
(2, 55)
(19, 45)
(7, 96)
(1, 33)
()
()
()
(15,)
(24,)
()
()
()
(78,)
(36,)
(24,)
()
(2, 45)
(21,)
(13,)
(26,)
()
()
(3, 92)
()
()
(7, 97)
(13, 30, 68)
(26, 36)
(5,)
(64,)
(67,)
(24, 86)
(4, 50, 89)
(21,)
(65, 71)
()
(2,)
(18, 22, 37)
(2,)
(80,)
(33, 38)
(68,)
(3, 5)
(35,)
(31,)
(77,)
()
(45,)
(56,)
(15, 21, 91)
(83,)
()
(92,)
(23, 85)
()
()
(55,)
()
(86,)
()
(50, 88)
()
(47, 99)
(8, 14)
(19, 28, 93)
()
(31,)
(29,)
(22,)
(3,)
()
()
()
(2,)
()
(26, 56)
()
(72,)
(33, 71)
(30,)
(42,)
()
(96,)
(23,)
(27,)
(3,)
(96,)
()
()
(3, 94)
(18, 22, 37)
(27,)
()
(65,)
(53, 98)
(21, 40)
(32,)
(43,)
()
(43,)
(97,)
()
(77,)
()
()
(51,)
()
(0, 23)
()
(29,)
()
(58,)
(7, 31)
()
(0, 61, 79)
(21,)
(24,)
(13,)
(63,)
(81,)
(1, 75)
(2,)
()
()
(25,)
(2,)
()
(1,)
(4, 50)
(24,)
()
(45,)
(42,)
()
()
(9, 38, 55)
()
(3,)
(1, 4, 50)
(41,)
()
()
(25, 97)
(87,)
(38,)
()
()
()
()
()
(12,)
()
(1,)
(5, 54)
(59,)
(61,)
(2, 10, 33, 38)
()
(48,)
(5,)
(1,)
(9,)
()
()
()
()
(43,)
(11, 18, 52)
(5, 38, 85)
(6, 90)
()
(23,)
()
(3, 33)
(3,)
()
(30,)
()
()
(18, 22)
(32,)
(3, 5, 11, 54, 86)
(10,)
(29, 84)
(18,)
(88,)
()
(59,)
()
(6, 42)
()
()
()
(18,)
(8, 89)
(97,)
()
()
(64,)
()
(0, 61)
()
(45,)
(5, 18, 37, 85)
(2, 62)
(70,)
()
(13, 81)
()
(3,)
(90,)
(93,)
(19, 28)
()
(22,)
(21,)
(27,)
(2, 77)
(4, 89)
()
()
(46,)
(2, 17, 72, 82)
(28,)
(55,)
(11,)
()
(3, 5)
(31,)
(15,)
(50,)
(87,)
()
(7, 78)
(3, 94)
()
(23, 50)
(24,)
(34,)
(5, 25)
(36,)
()
(4,)
(4,)
()
()
(96,)
(44,)
(2,)
()
(7,)
()
()
(99,)
()
(4, 22)
()
()
()
()
(2, 54)
(57,)
(63,)
()
(9, 36)
()
(1, 4, 18, 44)
(25,)
(83,)
()
(21, 40)
(56,)
(1, 33)
()
()
(76,)
()
()
()
(62,)
()
(87,)
(24, 70)
(62,)
(24,)
(81,)
()
(65, 71)
()
